0 0 
1 0 
2 0 
3 0 
4 0 
5 0 
6 1 742
7 0 
8 0 
9 0 
10 0 
11 0 
12 0 
13 0 
14 0 
15 0 
16 0 
17 0 
18 0 
19 0 
20 0 
21 0 
22 0 
23 1 1180
24 0 
25 0 
26 0 
27 0 
28 3 353 1164 1612
29 2 381 1208
30 0 
31 0 
32 0 
33 0 
34 0 
35 0 
36 0 
37 0 
38 3 323 1158 1961
39 2 309 1973
40 0 
41 0 
42 0 
43 0 
44 0 
45 2 468 1337
46 5 328 377 1130 1202 1937
47 1 1201
48 0 
49 27 260 286 300 312 322 333 342 353 367 1079 1104 1118 1133 1144 1153 1165 1177 1191 1898 1918 1931 1941 1949 1958 1968 1978 1989
50 0 
51 0 
52 0 
53 0 
54 0 
55 2 1055 1605
56 0 
57 1 547
58 0 
59 0 
60 0 
61 0 
62 27 255 284 297 308 318 328 339 351 365 1058 1105 1119 1134 1144 1156 1166 1179 1192 1895 1919 1930 1940 1949 1958 1968 1979 1991
63 0 
64 1 1345
65 24 268 288 305 317 329 340 355 383 1089 1115 1131 1142 1153 1164 1177 1196 1903 1921 1933 1944 1956 1966 1977 1992
66 30 258 280 293 305 316 326 335 344 355 371 1082 1104 1119 1134 1143 1151 1159 1168 1181 1195 1900 1912 1926 1937 1947 1955 1963 1973 1982 1994
67 0 
68 0 
69 0 
70 39 254 269 282 294 304 313 321 329 337 345 354 363 380 1066 1094 1108 1118 1127 1135 1142 1149 1157 1166 1175 1185 1203 1890 1908 1919 1928 1936 1943 1950 1958 1965 1973 1981 1989 1998
71 0 
72 0 
73 0 
74 0 
75 0 
76 24 270 294 308 323 334 344 359 387 1089 1117 1131 1143 1154 1166 1179 1202 1907 1923 1935 1946 1958 1968 1979 1993
77 0 
78 0 
79 0 
80 1 478
81 1 1778
82 0 
83 0 
84 0 
85 0 
86 0 
87 0 
88 7 304 333 1045 1139 1169 1921 1955
89 3 429 1025 1966
90 41 251 271 284 294 302 310 318 325 332 340 348 356 367 1071 1089 1104 1116 1124 1134 1141 1148 1155 1162 1170 1178 1189 1205 1886 1904 1916 1924 1932 1940 1947 1954 1960 1967 1974 1981 1989 1998
91 0 
92 3 357 1156 1977
93 0 
94 20 263 291 311 323 341 356 1084 1118 1137 1151 1165 1179 1201 1901 1926 1939 1954 1967 1980 1999
95 0 
96 29 250 279 291 305 315 326 336 346 357 376 1076 1101 1119 1131 1141 1151 1162 1172 1184 1898 1914 1927 1938 1947 1956 1966 1976 1986 1998
97 22 274 292 305 320 333 350 370 1087 1113 1128 1142 1155 1170 1184 1892 1922 1935 1946 1957 1969 1982 1998
98 0 
99 32 244 276 291 303 314 323 331 340 350 360 373 1068 1105 1118 1130 1140 1149 1158 1168 1178 1189 1883 1909 1922 1932 1941 1950 1959 1967 1977 1987 1998
100 0 
101 0 
102 0 
103 3 364 1162 1981
104 3 310 1140 1953
105 0 
106 0 
107 0 
108 6 304 346 1105 1172 1928 1961
109 0 
110 3 284 1140 1948
111 0 
112 0 
113 1 240
114 2 460 1777
115 0 
116 0 
117 0 
118 3 330 1096 1974
119 0 
120 2 334 1962
121 2 369 1159
122 2 361 1987
123 0 
124 1 1148
125 0 
126 1 1488
127 30 259 278 295 307 317 327 336 346 358 373 1076 1097 1114 1128 1140 1148 1157 1166 1179 1194 1900 1916 1926 1937 1947 1955 1963 1972 1981 1992
128 1 1893
129 27 259 277 293 308 318 329 339 349 361 1083 1104 1119 1133 1143 1153 1163 1174 1188 1896 1910 1926 1938 1948 1957 1966 1976 1988
130 0 
131 36 248 273 285 296 306 315 323 332 339 348 359 371 1085 1098 1110 1121 1131 1140 1148 1156 1164 1173 1184 1197 1894 1911 1921 1930 1938 1946 1953 1960 1968 1976 1984 1995
132 0 
133 18 274 290 316 330 349 368 1081 1121 1135 1154 1169 1197 1904 1923 1941 1955 1974 1992
134 0 
135 0 
136 0 
137 0 
138 0 
139 0 
140 12 284 314 342 370 1104 1135 1157 1182 1918 1934 1955 1974
141 0 
142 0 
143 1 1336
144 21 261 288 307 319 332 346 365 1085 1117 1133 1143 1156 1170 1219 1910 1924 1936 1948 1960 1974 1987
145 1 1035
146 1 1948
147 1 1075
148 1 389
149 3 342 1170 1948
150 2 348 1178
151 3 309 1158 1954
152 3 361 1161 1964
153 5 298 363 1137 1921 1977
154 6 241 354 1111 1175 1943 1977
155 1 772
156 3 337 1191 1981
157 0 
158 23 261 290 303 315 330 342 355 372 1094 1111 1126 1140 1152 1166 1178 1902 1920 1935 1946 1957 1968 1980 1994
159 0 
160 0 
161 0 
162 27 246 281 296 309 321 332 342 355 383 1093 1110 1123 1135 1147 1158 1168 1181 1206 1899 1916 1930 1941 1952 1960 1969 1981 1995
163 23 267 288 304 317 329 343 355 382 1080 1112 1130 1143 1153 1166 1182 1902 1919 1933 1946 1958 1968 1985 1997
164 0 
165 1 351
166 0 
167 1 1515
168 0 
169 3 309 1141 1933
170 0 
171 0 
172 0 
173 0 
174 0 
175 1 407
176 0 
177 0 
178 3 328 1136 1937
179 0 
180 1 1348
181 0 
182 1 1708
183 0 
184 3 371 1146 1974
185 0 
186 3 331 1009 1981
187 0 
188 2 697 1969
189 1 769
190 0 
191 0 
192 18 247 294 319 334 350 370 1100 1122 1145 1159 1175 1196 1910 1930 1945 1958 1971 1992
193 0 
194 0 
195 0 
196 0 
197 0 
198 0 
199 0 
200 0 
201 0 
202 2 205 1976
203 16 204 287 306 322 336 368 1082 1098 1132 1148 1165 1872 1927 1939 1951 1967
204 0 
205 0 
206 0 
207 26 218 279 292 307 320 330 342 355 368 1084 1107 1125 1139 1149 1159 1170 1182 1892 1917 1931 1940 1951 1960 1969 1981 1995
208 0 
209 0 
210 3 326 1166 1951
211 1 408
212 1 955
213 1 980
214 1 1575
215 0 
216 3 353 1197 1972
217 3 312 1122 1928
218 0 
219 0 
220 1 1301
221 1 532
222 1 1749
223 1 422
224 0 
225 0 
226 0 
227 0 
228 0 
229 0 
230 0 
231 0 
232 0 
233 1 1225
234 1 1541
235 0 
236 0 
237 1 766
238 6 307 339 1115 1163 1908 1974
239 0 
240 0 
241 0 
242 2 360 1994
243 0 
244 0 
245 0 
246 3 311 1156 1967
247 0 
248 3 365 1140 1973
249 3 322 1143 1974
250 3 301 1148 1938
251 1 1365
252 6 302 343 1109 1166 1939 1968
253 1 830
254 0 
255 0 
256 0 
257 0 
258 0 
259 0 
260 1 1189
261 24 262 285 302 317 328 339 351 375 1083 1113 1130 1142 1153 1166 1180 1200 1908 1926 1937 1947 1958 1968 1981 1996
262 30 253 280 293 303 314 323 333 343 353 370 1079 1098 1114 1128 1137 1146 1155 1165 1176 1193 1889 1913 1925 1934 1942 1951 1960 1969 1978 1990
263 0 
264 0 
265 1 1494
266 0 
267 0 
268 0 
269 0 
270 0 
271 1 722
272 0 
273 0 
274 3 361 1133 1991
275 0 
276 2 1367 1985
277 2 403 1197
278 0 
279 0 
280 2 331 1168
281 1 570
282 0 
283 0 
284 0 
285 0 
286 0 
287 0 
288 0 
289 0 
290 1 549
291 0 
292 1 1530
293 0 
294 0 
295 0 
296 0 
297 2 555 1840
298 4 325 1135 1721 1982
299 0 
300 2 451 1186
301 3 346 1157 1962
302 0 
303 0 
304 2 316 1961
305 1 1352
306 0 
307 0 
308 3 312 1121 1954
309 0 
310 1 841
311 0 
312 0 
313 3 307 1136 1947
314 0 
315 2 430 1814
316 3 367 1135 1978
317 0 
318 2 1220 1967
319 0 
320 0 
321 0 
322 0 
323 1 403
324 0 
325 1 1885
326 0 
327 1 510
328 2 803 1165
329 0 
330 3 310 1170 1935
331 0 
332 2 1161 1974
333 0 
334 0 
335 6 304 350 1052 1154 1935 1975
336 4 333 995 1159 1946
337 1 1503
338 0 
339 0 
340 3 333 1172 1965
341 0 
342 0 
343 0 
344 7 299 332 887 1147 1198 1903 1963
345 1 639
346 2 361 1154
347 0 
348 3 333 1116 1952
349 0 
350 0 
351 0 
352 0 
353 18 276 296 317 336 349 375 1103 1128 1143 1156 1178 1212 1912 1928 1945 1959 1971 1993
354 0 
355 0 
356 0 
357 0 
358 0 
359 0 
360 0 
361 4 316 1149 1939 1992
362 2 333 663
363 1 1972
364 0 
365 0 
366 0 
367 1 1237
368 0 
369 0 
370 1 388
371 2 323 1957
372 0 
373 0 
374 4 354 741 1190 1968
375 1 1986
376 2 173 1106
377 0 
378 1 1145
379 1 1838
380 2 1183 1949
381 0 
382 1 1988
383 0 
384 0 
385 1 1600
386 0 
387 0 
388 0 
389 0 
390 0 
391 0 
392 0 
393 1 1174
394 8 281 318 359 1112 1143 1917 1951 1974
395 0 
396 0 
397 1 1400
398 0 
399 7 294 320 389 1109 1163 1906 1952
400 3 344 1203 1997
401 1 374
402 3 319 1165 1946
403 1 1223
404 0 
405 1 495
406 0 
407 0 
408 0 
409 9 286 307 350 1091 1131 1166 1902 1944 1987
410 0 
411 1 409
412 0 
413 0 
414 0 
415 0 
416 0 
417 0 
418 0 
419 2 1190 1972
420 1 1975
421 0 
422 1 1337
423 0 
424 0 
425 1 1160
426 0 
427 2 1203 1990
428 0 
429 1 335
430 0 
431 0 
432 2 252 1634
433 6 304 340 1129 1160 1934 1965
434 1 1317
435 3 328 1141 1913
436 3 334 1196 1974
437 0 
438 0 
439 1 1197
440 0 
441 0 
442 0 
443 1 1149
444 9 271 317 354 1107 1142 1185 1911 1948 1978
445 0 
446 15 276 299 320 337 361 1093 1123 1148 1165 1189 1906 1929 1946 1964 1982
447 1 1829
448 0 
449 0 
450 0 
451 0 
452 1 1195
453 0 
454 0 
455 0 
456 0 
457 0 
458 3 340 957 1949
459 0 
460 1 320
461 0 
462 3 334 1138 1944
463 2 1225 1957
464 3 332 1155 1940
465 0 
466 0 
467 1 213
468 1 638
469 18 274 294 310 326 339 360 1099 1115 1135 1151 1165 1192 1909 1925 1939 1953 1965 1981
470 0 
471 0 
472 0 
473 2 994 1537
474 0 
475 0 
476 0 
477 0 
478 0 
479 3 245 1135 1960
480 0 
481 0 
482 4 195 364 1152 1973
483 3 346 1190 1993
484 0 
485 1 1936
486 0 
487 0 
488 1 662
489 0 
490 0 
491 0 
492 0 
493 2 399 1183
494 0 
495 1 744
496 0 
497 6 295 368 1126 1203 1914 1977
498 1 1980
499 1 1589
500 3 343 1179 1959
501 3 336 1144 1988
502 0 
503 0 
504 0 
505 1 1200
506 0 
507 0 
508 0 
509 0 
510 0 
511 0 
512 0 
513 1 1988
514 0 
515 0 
516 0 
517 1 686
518 0 
519 0 
520 1 1578
521 3 347 1187 1990
522 1 370
523 1 1520
524 1 474
525 0 
526 1 1979
527 0 
528 2 1207 1975
529 0 
530 1 1149
531 0 
532 0 
533 3 356 1131 1977
534 0 
535 0 
536 0 
537 1 880
538 0 
539 0 
540 0 
541 0 
542 1 1390
543 0 
544 1 982
545 2 431 1167
546 2 363 1198
547 1 1445
548 3 348 1135 1975
549 0 
550 0 
551 2 363 1278
552 3 338 1186 1949
553 1 1183
554 0 
555 0 
556 0 
557 0 
558 0 
559 3 317 1143 1938
560 1 380
561 0 
562 1 1728
563 2 1209 1630
564 0 
565 0 
566 1 394
567 1 372
568 0 
569 0 
570 1 1319
571 0 
572 0 
573 2 371 1186
574 0 
575 0 
576 0 
577 0 
578 1 1673
579 0 
580 10 283 321 350 1076 1144 1162 1202 1918 1944 1974
581 30 263 279 291 304 314 323 332 342 352 365 1056 1097 1114 1125 1136 1144 1153 1163 1174 1187 1897 1914 1926 1936 1944 1952 1961 1971 1980 1989
582 0 
583 0 
584 0 
585 13 276 299 321 350 1090 1126 1141 1163 1723 1919 1942 1961 1984
586 1 384
587 1 1137
588 3 363 1163 1991
589 4 318 401 1181 1965
590 0 
591 3 385 1147 1975
592 0 
593 0 
594 1 992
595 0 
596 1 405
597 0 
598 0 
599 0 
600 0 
601 0 
602 0 
603 0 
604 0 
605 1 1329
606 1 1421
607 0 
608 0 
609 3 360 1190 1974
610 0 
611 2 371 1177
612 0 
613 0 
614 0 
615 0 
616 0 
617 0 
618 1 458
619 0 
620 3 328 1131 1949
621 0 
622 1 522
623 0 
624 0 
625 0 
626 0 
627 0 
628 0 
629 1 749
630 0 
631 3 352 1191 1977
632 0 
633 4 308 1125 1942 1996
634 3 371 1205 1975
635 0 
636 0 
637 1 167
638 0 
639 0 
640 0 
641 0 
642 0 
643 0 
644 0 
645 0 
646 0 
647 0 
648 0 
649 3 346 1153 1993
650 3 352 1179 1957
651 3 297 1136 1923
652 6 296 335 1090 1151 1930 1967
653 4 328 1130 1206 1944
654 3 346 1178 1983
655 3 187 1201 1999
656 3 281 1169 1973
657 0 
658 3 328 1177 1975
659 0 
660 0 
661 0 
662 0 
663 1 1942
664 0 
665 0 
666 0 
667 0 
668 0 
669 0 
670 0 
671 0 
672 0 
673 0 
674 0 
675 0 
676 1 1976
677 0 
678 0 
679 1 1227
680 0 
681 0 
682 0 
683 0 
684 0 
685 0 
686 0 
687 1 1638
688 0 
689 0 
690 0 
691 2 763 1351
692 1 1697
693 0 
694 1 1213
695 0 
696 0 
697 1 361
698 0 
699 0 
700 0 
701 0 
702 0 
703 0 
704 0 
705 0 
706 0 
707 0 
708 0 
709 0 
710 0 
711 0 
712 0 
713 6 308 345 1128 1165 1917 1984
714 1 1199
715 1 1310
716 3 324 1136 1948
717 1 1162
718 0 
719 3 349 1187 1944
720 1 1170
721 1 1995
722 1 1915
723 2 1054 1921
724 0 
725 0 
726 0 
727 0 
728 0 
729 0 
730 0 
731 0 
732 1 1824
733 0 
734 0 
735 0 
736 0 
737 0 
738 0 
739 24 256 292 303 317 328 342 356 384 1084 1115 1133 1144 1154 1165 1180 1208 1903 1920 1933 1945 1955 1967 1980 1995
740 0 
741 0 
742 0 
743 0 
744 0 
745 0 
746 1 1656
747 0 
748 0 
749 3 327 1162 1941
750 0 
751 0 
752 0 
753 0 
754 0 
755 0 
756 1 1154
757 0 
758 3 318 1146 1974
759 0 
760 0 
761 1 1227
762 1 349
763 0 
764 2 1388 1987
765 0 
766 3 335 1136 1917
767 0 
768 0 
769 0 
770 0 
771 0 
772 0 
773 0 
774 1 1999
775 0 
776 0 
777 5 308 343 1091 1163 1937
778 0 
779 0 
780 1 1198
781 0 
782 0 
783 0 
784 2 470 1989
785 3 341 1172 1986
786 1 1694
787 0 
788 0 
789 2 343 1992
790 0 
791 0 
792 0 
793 0 
794 0 
795 0 
796 0 
797 0 
798 0 
799 0 
800 15 273 298 318 334 352 1092 1124 1148 1164 1183 1914 1931 1948 1961 1979
801 27 260 284 299 311 323 334 346 359 383 1075 1108 1124 1136 1147 1158 1168 1181 1202 1893 1917 1930 1943 1952 1961 1971 1982 1998
802 26 258 284 299 311 322 332 344 355 374 1089 1108 1121 1135 1147 1157 1168 1181 1902 1918 1930 1940 1950 1959 1969 1982 1995
803 1 1178
804 1 1676
805 1 694
806 0 
807 1 569
808 0 
809 0 
810 0 
811 0 
812 0 
813 0 
814 0 
815 0 
816 0 
817 1 948
818 1 857
819 0 
820 0 
821 1 318
822 0 
823 1 1740
824 0 
825 0 
826 2 368 1160
827 0 
828 0 
829 0 
830 0 
831 0 
832 0 
833 1 673
834 0 
835 0 
836 1 1179
837 0 
838 0 
839 1 356
840 0 
841 2 361 1148
842 3 304 1135 1893
843 0 
844 2 336 1941
845 1 1662
846 0 
847 2 359 1914
848 2 1234 1986
849 0 
850 0 
851 0 
852 0 
853 0 
854 0 
855 0 
856 0 
857 0 
858 0 
859 0 
860 0 
861 0 
862 0 
863 0 
864 0 
865 0 
866 0 
867 0 
868 0 
869 1 1984
870 1 337
871 0 
872 3 368 1197 1990
873 0 
874 0 
875 0 
876 0 
877 0 
878 0 
879 0 
880 0 
881 0 
882 0 
883 3 420 1155 1990
884 0 
885 0 
886 3 307 1122 1982
887 3 334 1136 1947
888 0 
889 3 342 1172 1947
890 1 1166
891 0 
892 2 418 1172
893 1 1369
894 1 1877
895 0 
896 0 
897 0 
898 6 283 331 1102 1157 1892 1956
899 2 1188 1973
900 1 377
901 3 316 1133 1948
902 2 371 1170
903 1 871
904 3 363 1178 1964
905 0 
906 1 1387
907 0 
908 0 
909 0 
910 4 304 1140 1654 1966
911 3 324 1150 1947
912 0 
913 2 363 1203
914 3 326 1163 1957
915 3 338 1174 1957
916 3 327 1177 1989
917 0 
918 0 
919 0 
920 0 
921 0 
922 0 
923 0 
924 0 
925 0 
926 0 
927 0 
928 0 
929 0 
930 1 1897
931 0 
932 0 
933 0 
934 0 
935 0 
936 0 
937 1 699
938 0 
939 0 
940 0 
941 1 914
942 1 1566
943 0 
944 0 
945 0 
946 2 363 1193
947 0 
948 0 
949 0 
950 3 342 1168 1981
951 1 988
952 0 
953 3 343 1138 1971
954 0 
955 0 
956 0 
957 0 
958 0 
959 2 764 1882
960 0 
961 0 
962 0 
963 0 
964 4 334 836 1183 1961
965 3 368 1183 1992
966 0 
967 3 343 1152 1963
968 3 319 1124 1952
969 0 
970 1 1805
971 3 365 1159 1951
972 6 308 341 1112 1174 1912 1969
973 0 
974 0 
975 1 1066
976 0 
977 0 
978 0 
979 1 328
980 1 1454
981 3 213 1160 1952
982 0 
983 0 
984 0 
985 0 
986 0 
987 0 
988 0 
989 0 
990 0 
991 0 
992 0 
993 0 
994 0 
995 0 
996 0 
997 0 
998 0 
999 0 
1000 0 
1001 0 
1002 0 
1003 0 
1004 0 
1005 0 
1006 0 
1007 0 
1008 0 
1009 1 1649
1010 1 1951
1011 1 1506
1012 0 
1013 0 
1014 0 
1015 1 1488
1016 0 
1017 0 
1018 3 312 1156 1930
1019 0 
1020 0 
1021 3 305 1169 1978
1022 3 319 1166 1975
1023 0 
1024 1 909
1025 0 
1026 4 315 904 1132 1943
1027 2 340 1157
1028 1 385
1029 1 1393
1030 0 
1031 0 
1032 0 
1033 1 1183
1034 0 
1035 1 384
1036 1 1868
1037 1 350
1038 1 1183
1039 0 
1040 0 
1041 0 
1042 1 1233
1043 3 326 1121 1948
1044 0 
1045 0 
1046 0 
1047 0 
1048 0 
1049 0 
1050 0 
1051 0 
1052 1 1498
1053 0 
1054 0 
1055 0 
1056 0 
1057 0 
1058 0 
1059 0 
1060 1 1760
1061 0 
1062 0 
1063 0 
1064 0 
1065 1 1638
1066 1 1273
1067 0 
1068 0 
1069 0 
1070 0 
1071 1 612
1072 0 
1073 1 1892
1074 0 
1075 0 
1076 0 
1077 0 
1078 1 926
1079 1 641
1080 2 340 1144
1081 1 517
1082 0 
1083 0 
1084 2 406 1994
1085 0 
1086 0 
1087 0 
1088 0 
1089 0 
1090 0 
1091 0 
1092 0 
1093 0 
1094 1 956
1095 0 
1096 0 
1097 0 
1098 3 300 1125 1937
1099 0 
1100 1 1295
1101 4 310 847 1205 1956
1102 3 384 1191 1956
1103 0 
1104 0 
1105 0 
1106 1 1481
1107 1 659
1108 0 
1109 0 
1110 0 
1111 0 
1112 0 
1113 0 
1114 0 
1115 0 
1116 0 
1117 1 1186
1118 0 
1119 0 
1120 0 
1121 0 
1122 0 
1123 1 1008
1124 0 
1125 0 
1126 0 
1127 0 
1128 0 
1129 0 
1130 0 
1131 0 
1132 0 
1133 0 
1134 0 
1135 0 
1136 0 
1137 0 
1138 0 
1139 0 
1140 0 
1141 0 
1142 1 790
1143 0 
1144 1 1312
1145 1 1892
1146 0 
1147 1 318
1148 1 1189
1149 0 
1150 0 
1151 0 
1152 0 
1153 1 1387
1154 0 
1155 2 148 160
1156 2 449 1201
1157 1 1933
1158 0 
1159 3 360 1190 1988
1160 1 1203
1161 0 
1162 2 340 1457
1163 2 1168 1983
1164 0 
1165 2 373 1169
1166 0 
1167 1 1378
1168 1 1728
1169 2 399 1954
1170 1 1760
1171 0 
1172 0 
1173 0 
1174 0 
1175 0 
1176 0 
1177 0 
1178 0 
1179 0 
1180 0 
1181 0 
1182 0 
1183 1 1376
1184 0 
1185 1 921
1186 1 1679
1187 0 
1188 0 
1189 0 
1190 0 
1191 0 
1192 0 
1193 0 
1194 0 
1195 0 
1196 0 
1197 1 1284
1198 0 
1199 0 
1200 0 
1201 0 
1202 0 
1203 0 
1204 0 
1205 0 
1206 0 
1207 3 323 1151 1983
1208 0 
1209 3 359 1174 1974
1210 2 1145 1968
1211 0 
1212 0 
1213 0 
1214 0 
1215 0 
1216 0 
1217 0 
1218 3 329 1148 1931
1219 0 
1220 0 
1221 1 1232
1222 1 1500
1223 0 
1224 1 298
1225 1 492
1226 3 342 1220 1964
1227 0 
1228 3 308 1171 1998
1229 0 
1230 0 
1231 0 
1232 3 340 1148 1946
1233 0 
1234 3 321 1132 1929
1235 0 
1236 2 1219 1976
1237 0 
1238 0 
1239 0 
1240 0 
1241 1 1724
1242 0 
1243 0 
1244 0 
1245 0 
1246 0 
1247 0 
1248 1 398
1249 0 
1250 0 
1251 1 1537
1252 1 1189
1253 0 
1254 0 
1255 1 924
1256 0 
1257 0 
1258 0 
1259 0 
1260 0 
1261 0 
1262 0 
1263 0 
1264 0 
1265 0 
1266 0 
1267 0 
1268 0 
1269 0 
1270 0 
1271 0 
1272 0 
1273 3 342 1146 1964
1274 0 
1275 0 
1276 0 
1277 0 
1278 1 491
1279 0 
1280 1 1012
1281 0 
1282 3 358 1160 1977
1283 1 412
1284 0 
1285 6 293 345 1096 1167 1923 1971
1286 1 1555
1287 0 
1288 0 
1289 0 
1290 1 1403
1291 0 
1292 0 
1293 3 328 1183 1805
1294 3 418 1109 1958
1295 0 
1296 9 261 325 358 1112 1149 1192 1932 1955 1977
1297 1 1193
1298 0 
1299 0 
1300 0 
1301 1 633
1302 0 
1303 0 
1304 0 
1305 0 
1306 0 
1307 0 
1308 0 
1309 1 1795
1310 0 
1311 0 
1312 0 
1313 0 
1314 0 
1315 0 
1316 0 
1317 0 
1318 0 
1319 0 
1320 0 
1321 0 
1322 0 
1323 0 
1324 0 
1325 0 
1326 0 
1327 0 
1328 1 659
1329 0 
1330 0 
1331 0 
1332 0 
1333 0 
1334 0 
1335 0 
1336 0 
1337 1 1203
1338 2 991 1945
1339 1 1752
1340 0 
1341 0 
1342 0 
1343 0 
1344 0 
1345 0 
1346 0 
1347 0 
1348 0 
1349 0 
1350 1 975
1351 0 
1352 1 1992
1353 0 
1354 0 
1355 0 
1356 0 
1357 1 1170
1358 6 294 355 1120 1171 1929 1987
1359 4 296 1144 1214 1932
1360 2 1161 1965
1361 0 
1362 1 1217
1363 2 1175 1966
1364 0 
1365 0 
1366 0 
1367 1 1810
1368 0 
1369 1 1125
1370 0 
1371 0 
1372 0 
1373 0 
1374 0 
1375 0 
1376 0 
1377 1 1401
1378 0 
1379 0 
1380 0 
1381 0 
1382 0 
1383 1 582
1384 0 
1385 0 
1386 0 
1387 0 
1388 0 
1389 1 539
1390 0 
1391 0 
1392 0 
1393 0 
1394 0 
1395 0 
1396 0 
1397 0 
1398 1 1284
1399 0 
1400 0 
1401 2 1167 1986
1402 0 
1403 1 1432
1404 0 
1405 24 263 282 298 315 326 337 350 368 1075 1110 1124 1138 1148 1159 1174 1187 1905 1920 1932 1943 1953 1965 1976 1988
1406 1 1595
1407 0 
1408 0 
1409 0 
1410 0 
1411 0 
1412 0 
1413 0 
1414 0 
1415 0 
1416 0 
1417 0 
1418 0 
1419 0 
1420 3 308 1160 1949
1421 3 313 1145 1924
1422 0 
1423 0 
1424 0 
1425 0 
1426 0 
1427 0 
1428 0 
1429 0 
1430 1 346
1431 1 225
1432 0 
1433 0 
1434 0 
1435 0 
1436 0 
1437 1 1176
1438 0 
1439 0 
1440 0 
1441 0 
1442 1 496
1443 0 
1444 0 
1445 0 
1446 0 
1447 0 
1448 1 835
1449 0 
1450 0 
1451 0 
1452 0 
1453 0 
1454 0 
1455 0 
1456 0 
1457 0 
1458 1 886
1459 0 
1460 0 
1461 0 
1462 1 1215
1463 0 
1464 0 
1465 1 368
1466 2 380 1958
1467 0 
1468 0 
1469 0 
1470 0 
1471 1 342
1472 0 
1473 0 
1474 0 
1475 1 1491
1476 0 
1477 0 
1478 1 1079
1479 3 308 1136 1933
1480 6 274 388 1123 1204 1937 1971
1481 3 351 1207 1825
1482 9 290 317 357 1106 1154 1181 1923 1945 1970
1483 1 349
1484 0 
1485 0 
1486 0 
1487 0 
1488 3 324 1141 1972
1489 1 1886
1490 0 
1491 0 
1492 1 1157
1493 1 1241
1494 1 358
1495 0 
1496 1 1604
1497 0 
1498 0 
1499 0 
1500 0 
1501 0 
1502 0 
1503 0 
1504 1 1883
1505 0 
1506 0 
1507 2 810 1393
1508 0 
1509 0 
1510 1 1317
1511 0 
1512 0 
1513 0 
1514 1 386
1515 0 
1516 0 
1517 0 
1518 0 
1519 0 
1520 1 1862
1521 0 
1522 0 
1523 0 
1524 0 
1525 0 
1526 0 
1527 1 798
1528 0 
1529 1 1211
1530 0 
1531 0 
1532 0 
1533 0 
1534 0 
1535 0 
1536 1 1220
1537 0 
1538 0 
1539 0 
1540 1 702
1541 0 
1542 0 
1543 3 312 1160 1991
1544 1 372
1545 1 535
1546 3 354 1161 1974
1547 2 1142 1758
1548 2 1203 1877
1549 0 
1550 0 
1551 0 
1552 2 1182 1928
1553 3 326 1134 1949
1554 1 1412
1555 0 
1556 1 1988
1557 2 369 1974
1558 0 
1559 0 
1560 0 
1561 0 
1562 0 
1563 0 
1564 0 
1565 0 
1566 0 
1567 2 319 1903
1568 0 
1569 0 
1570 0 
1571 0 
1572 0 
1573 0 
1574 0 
1575 0 
1576 0 
1577 0 
1578 0 
1579 0 
1580 0 
1581 0 
1582 1 589
1583 0 
1584 0 
1585 1 519
1586 0 
1587 0 
1588 0 
1589 0 
1590 0 
1591 0 
1592 0 
1593 0 
1594 1 920
1595 0 
1596 1 1350
1597 0 
1598 1 1968
1599 0 
1600 0 
1601 0 
1602 0 
1603 0 
1604 0 
1605 0 
1606 0 
1607 0 
1608 0 
1609 0 
1610 0 
1611 2 1149 1940
1612 0 
1613 0 
1614 0 
1615 1 1046
1616 0 
1617 1 1278
1618 0 
1619 1 1928
1620 0 
1621 0 
1622 1 668
1623 0 
1624 0 
1625 0 
1626 0 
1627 0 
1628 0 
1629 0 
1630 0 
1631 0 
1632 0 
1633 0 
1634 0 
1635 0 
1636 0 
1637 0 
1638 0 
1639 0 
1640 0 
1641 1 1794
1642 0 
1643 0 
1644 0 
1645 0 
1646 0 
1647 0 
1648 0 
1649 0 
1650 0 
1651 0 
1652 0 
1653 0 
1654 0 
1655 0 
1656 0 
1657 2 828 1450
1658 0 
1659 0 
1660 0 
1661 0 
1662 0 
1663 2 350 1976
1664 0 
1665 1 1228
1666 2 305 1988
1667 1 1428
1668 1 1364
1669 0 
1670 0 
1671 1 864
1672 2 346 1162
1673 0 
1674 3 341 1169 1894
1675 3 331 1182 1962
1676 0 
1677 1 1202
1678 0 
1679 1 756
1680 0 
1681 3 342 1134 1974
1682 1 1971
1683 2 887 1983
1684 0 
1685 2 211 1585
1686 0 
1687 0 
1688 0 
1689 1 1904
1690 0 
1691 0 
1692 1 1053
1693 1 1876
1694 0 
1695 1 1885
1696 0 
1697 0 
1698 0 
1699 0 
1700 0 
1701 0 
1702 0 
1703 0 
1704 1 1561
1705 0 
1706 0 
1707 0 
1708 0 
1709 0 
1710 0 
1711 0 
1712 1 754
1713 0 
1714 1 1002
1715 0 
1716 0 
1717 0 
1718 0 
1719 1 745
1720 0 
1721 1 1179
1722 3 316 1152 1966
1723 0 
1724 0 
1725 0 
1726 1 1227
1727 0 
1728 0 
1729 1 380
1730 1 1233
1731 0 
1732 0 
1733 0 
1734 1 1273
1735 0 
1736 0 
1737 0 
1738 1 1345
1739 1 1975
1740 0 
1741 2 129 1921
1742 2 1177 1961
1743 3 291 1158 1962
1744 0 
1745 0 
1746 0 
1747 0 
1748 0 
1749 0 
1750 0 
1751 0 
1752 0 
1753 0 
1754 0 
1755 0 
1756 0 
1757 0 
1758 1 1441
1759 0 
1760 0 
1761 0 
1762 0 
1763 0 
1764 0 
1765 0 
1766 0 
1767 0 
1768 0 
1769 0 
1770 0 
1771 0 
1772 0 
1773 0 
1774 0 
1775 0 
1776 0 
1777 0 
1778 1 1080
1779 0 
1780 0 
1781 0 
1782 0 
1783 0 
1784 1 1391
1785 1 1261
1786 0 
1787 0 
1788 0 
1789 0 
1790 0 
1791 0 
1792 0 
1793 3 337 1155 1947
1794 0 
1795 0 
1796 0 
1797 0 
1798 0 
1799 1 1174
1800 0 
1801 0 
1802 3 353 1160 1963
1803 4 321 1163 1860 1998
1804 3 316 1132 1952
1805 2 377 1187
1806 0 
1807 0 
1808 0 
1809 0 
1810 0 
1811 0 
1812 0 
1813 0 
1814 0 
1815 0 
1816 0 
1817 0 
1818 1 1811
1819 0 
1820 0 
1821 1 1203
1822 0 
1823 0 
1824 1 1816
1825 0 
1826 0 
1827 0 
1828 0 
1829 0 
1830 0 
1831 0 
1832 0 
1833 0 
1834 0 
1835 0 
1836 1 999
1837 0 
1838 0 
1839 1 1332
1840 0 
1841 0 
1842 1 44
1843 0 
1844 0 
1845 0 
1846 0 
1847 1 1678
1848 0 
1849 0 
1850 0 
1851 0 
1852 0 
1853 16 272 302 318 337 358 1109 1129 1151 1164 1182 1914 1928 1942 1959 1975 1994
1854 0 
1855 3 361 1176 1984
1856 3 347 1161 1971
1857 0 
1858 2 402 1945
1859 1 375
1860 0 
1861 0 
1862 0 
1863 0 
1864 2 1215 1999
1865 3 316 1142 1961
1866 0 
1867 3 342 1177 1964
1868 3 322 1113 1955
1869 0 
1870 0 
1871 1 1186
1872 0 
1873 1 498
1874 1 641
1875 1 340
1876 0 
1877 0 
1878 1 1612
1879 0 
1880 0 
1881 0 
1882 0 
1883 0 
1884 1 537
1885 0 
1886 0 
1887 0 
1888 0 
1889 0 
1890 1 1056
1891 0 
1892 0 
1893 0 
1894 0 
1895 18 267 294 314 328 342 359 1081 1124 1139 1153 1167 1181 1885 1925 1938 1950 1965 1982
1896 0 
1897 0 
1898 0 
1899 0 
1900 0 
1901 0 
1902 0 
1903 0 
1904 0 
1905 0 
1906 0 
1907 0 
1908 1 1168
1909 0 
1910 0 
1911 0 
1912 0 
1913 0 
1914 0 
1915 0 
1916 0 
1917 0 
1918 0 
1919 0 
1920 3 314 1139 1917
1921 0 
1922 0 
1923 0 
1924 0 
1925 1 409
1926 1 364
1927 0 
1928 0 
1929 0 
1930 1 530
1931 0 
1932 2 1147 1993
1933 1 801
1934 4 303 1130 1932 1985
1935 0 
1936 1 1596
1937 1 717
1938 1 1747
1939 0 
1940 0 
1941 0 
1942 0 
1943 0 
1944 0 
1945 0 
1946 0 
1947 0 
1948 0 
1949 0 
1950 22 264 289 304 318 331 345 360 1090 1115 1129 1144 1155 1168 1182 1903 1920 1932 1945 1956 1969 1981 1994
1951 0 
1952 21 264 289 304 318 329 344 359 1082 1108 1128 1141 1156 1170 1189 1897 1919 1933 1946 1956 1967 1983
1953 1 1849
1954 0 
1955 0 
1956 0 
1957 0 
1958 0 
1959 0 
1960 0 
1961 0 
1962 0 
1963 0 
1964 0 
1965 0 
1966 0 
1967 0 
1968 0 
1969 0 
1970 0 
1971 1 978
1972 0 
1973 0 
1974 0 
1975 0 
1976 0 
1977 0 
1978 0 
1979 1 568
1980 0 
1981 0 
1982 0 
1983 0 
1984 3 311 1121 1952
1985 0 
1986 0 
1987 0 
1988 0 
1989 0 
1990 0 
1991 0 
1992 0 
1993 0 
1994 1 802
1995 0 
1996 0 
1997 2 329 905
1998 0 
1999 0 
2000 3 355 1165 1958
2001 3 351 1155 1968
2002 8 290 326 364 1113 1152 1921 1953 1990
2003 0 
2004 0 
2005 0 
2006 0 
2007 0 
2008 5 298 349 1104 1206 1941
2009 0 
2010 3 326 1157 1972
2011 0 
2012 0 
2013 0 
2014 0 
2015 0 
2016 0 
2017 1 1151
2018 1 1594
2019 0 
2020 0 
2021 0 
2022 0 
2023 0 
2024 1 1866
2025 0 
2026 0 
2027 0 
2028 0 
2029 0 
2030 0 
2031 0 
2032 0 
2033 0 
2034 0 
2035 0 
2036 2 1222 1985
2037 0 
2038 0 
2039 1 1201
2040 1 347
2041 0 
2042 12 277 314 330 358 1108 1130 1158 1187 1901 1934 1958 1983
2043 0 
2044 0 
2045 0 
2046 0 
2047 0 
2048 6 300 350 1122 1174 1920 1970
2049 0 
2050 0 
2051 0 
2052 0 
2053 0 
2054 1 483
2055 0 
2056 0 
2057 1 999
2058 0 
2059 0 
2060 0 
2061 1 1728
2062 3 355 1178 1966
2063 2 379 1988
2064 3 335 1167 1943
2065 0 
2066 0 
2067 0 
2068 0 
2069 0 
2070 0 
2071 0 
2072 0 
2073 0 
2074 3 350 1183 1984
2075 0 
2076 0 
2077 0 
2078 0 
2079 0 
2080 0 
2081 0 
2082 0 
2083 0 
2084 0 
2085 0 
2086 0 
2087 0 
2088 0 
2089 0 
2090 0 
2091 0 
2092 0 
2093 1 1473
2094 0 
2095 0 
2096 0 
2097 0 
2098 0 
2099 0 
2100 0 
2101 0 
2102 1 1866
2103 0 
2104 0 
2105 0 
2106 0 
2107 0 
2108 1 875
2109 0 
2110 0 
2111 0 
2112 0 
2113 5 297 378 1133 1174 1944
2114 1 1521
2115 1 1601
2116 0 
2117 1 864
2118 2 339 1115
2119 1 366
2120 1 1189
2121 0 
2122 0 
2123 1 1938
2124 0 
2125 0 
2126 0 
2127 2 351 1192
2128 3 303 1147 1892
2129 0 
2130 0 
2131 1 1708
2132 0 
2133 1 1789
2134 0 
2135 0 
2136 0 
2137 0 
2138 3 345 1182 1964
2139 2 1186 1891
2140 1 1196
2141 1 1041
2142 1 795
2143 0 
2144 0 
2145 0 
2146 0 
2147 0 
2148 1 1353
2149 0 
2150 0 
2151 0 
2152 1 416
2153 0 
2154 0 
2155 0 
2156 0 
2157 0 
2158 0 
2159 0 
2160 1 817
2161 0 
2162 1 977
2163 0 
2164 0 
2165 0 
2166 0 
2167 1 1568
2168 0 
2169 0 
2170 0 
2171 0 
2172 0 
2173 0 
2174 0 
2175 1 450
2176 0 
2177 3 354 1205 1993
2178 0 
2179 0 
2180 1 660
2181 0 
2182 1 1534
2183 3 361 1178 1957
2184 1 397
2185 0 
2186 0 
2187 1 533
2188 2 1222 1993
2189 2 334 1977
2190 1 1979
2191 0 
2192 3 324 1172 1951
2193 0 
2194 3 332 1140 1955
2195 3 354 1180 1979
2196 3 343 1201 1974
2197 1 762
2198 0 
2199 0 
2200 1 464
2201 0 
2202 0 
2203 3 340 1128 1958
2204 0 
2205 0 
2206 0 
2207 0 
2208 0 
2209 1 1815
2210 0 
2211 0 
2212 0 
2213 0 
2214 0 
2215 0 
2216 0 
2217 0 
2218 0 
2219 0 
2220 0 
2221 0 
2222 0 
2223 1 395
2224 0 
2225 0 
2226 1 1329
2227 0 
2228 0 
2229 0 
2230 1 394
2231 0 
2232 0 
2233 0 
2234 3 315 1130 1935
2235 0 
2236 1 1513
2237 0 
2238 0 
2239 1 1233
2240 6 304 343 1136 1183 1939 1996
2241 1 1994
2242 0 
2243 0 
2244 1 1686
2245 0 
2246 0 
2247 3 406 1168 1941
2248 0 
2249 0 
2250 1 282
2251 1 391
2252 3 321 1128 1931
2253 1 1480
2254 1 459
2255 0 
2256 2 355 1221
2257 3 357 1174 1981
2258 1 1996
2259 2 366 1969
2260 3 347 1117 1948
2261 0 
2262 0 
2263 0 
2264 1 258
2265 0 
2266 0 
2267 0 
2268 0 
2269 0 
2270 0 
2271 0 
2272 0 
2273 1 1034
2274 1 1837
2275 0 
2276 0 
2277 1 359
2278 0 
2279 0 
2280 0 
2281 0 
2282 0 
2283 1 1191
2284 0 
2285 0 
2286 0 
2287 0 
2288 0 
2289 1 1206
2290 0 
2291 0 
2292 0 
2293 0 
2294 0 
2295 0 
2296 0 
2297 0 
2298 0 
2299 0 
2300 0 
2301 0 
2302 0 
2303 0 
2304 0 
2305 0 
2306 1 347
2307 0 
2308 0 
2309 1 1152
2310 1 1035
2311 0 
2312 0 
2313 0 
2314 0 
2315 3 337 1166 1967
2316 3 275 1135 1982
2317 0 
2318 0 
2319 3 350 1119 1968
2320 0 
2321 3 314 1137 1954
2322 11 273 314 334 373 1102 1133 1159 1872 1942 1959 1984
2323 0 
2324 0 
2325 0 
2326 0 
2327 0 
2328 0 
2329 0 
2330 0 
2331 0 
2332 0 
2333 0 
2334 0 
2335 0 
2336 0 
2337 0 
2338 0 
2339 1 490
2340 0 
2341 0 
2342 1 1670
2343 0 
2344 0 
2345 1 756
2346 1 1882
2347 0 
2348 0 
2349 0 
2350 0 
2351 0 
2352 1 829
2353 1 1006
2354 0 
2355 1 1965
2356 9 280 319 351 1106 1142 1172 1907 1951 1973
2357 0 
2358 0 
2359 0 
2360 0 
2361 0 
2362 0 
2363 0 
2364 1 1190
2365 0 
2366 0 
2367 0 
2368 0 
2369 3 359 1129 1985
2370 0 
2371 0 
2372 0 
2373 3 334 1156 1976
2374 3 311 1131 1933
2375 0 
2376 1 657
2377 0 
2378 0 
2379 1 1191
2380 2 1164 1678
2381 3 368 1218 1958
2382 0 
2383 1 403
2384 0 
2385 0 
2386 4 343 631 1179 1672
2387 3 329 1125 1954
2388 3 338 1144 1950
2389 0 
2390 1 1103
2391 3 316 1157 1945
2392 0 
2393 1 1527
2394 0 
2395 0 
2396 1 482
2397 0 
2398 0 
2399 0 
2400 1 1910
2401 0 
2402 0 
2403 18 256 294 313 328 341 356 1048 1115 1132 1148 1163 1178 1905 1927 1942 1957 1969 1988
2404 0 
2405 0 
2406 0 
2407 0 
2408 0 
2409 0 
2410 0 
2411 0 
2412 0 
2413 0 
2414 0 
2415 0 
2416 0 
2417 0 
2418 0 
2419 0 
2420 0 
2421 0 
2422 0 
2423 2 308 1184
2424 1 467
2425 0 
2426 0 
2427 0 
2428 0 
2429 0 
2430 2 1194 1989
2431 0 
2432 1 1191
2433 1 1137
2434 0 
2435 0 
2436 0 
2437 0 
2438 3 317 1132 1953
2439 0 
2440 0 
2441 0 
2442 0 
2443 3 336 1155 1952
2444 1 1186
2445 0 
2446 3 276 1139 1912
2447 0 
2448 0 
2449 0 
2450 3 367 1174 1965
2451 0 
2452 0 
2453 0 
2454 0 
2455 0 
2456 0 
2457 0 
2458 0 
2459 0 
2460 0 
2461 0 
2462 0 
2463 0 
2464 1 1290
2465 0 
2466 0 
2467 0 
2468 3 329 1155 1954
2469 1 514
2470 0 
2471 0 
2472 1 1789
2473 0 
2474 0 
2475 0 
2476 0 
2477 0 
2478 0 
2479 0 
2480 0 
2481 0 
2482 0 
2483 0 
2484 0 
2485 0 
2486 1 1134
2487 0 
2488 0 
2489 0 
2490 3 348 1202 1995
2491 0 
2492 0 
2493 0 
2494 3 333 1111 1957
2495 0 
2496 1 410
2497 0 
2498 0 
2499 0 
2500 3 310 1184 1977
2501 0 
2502 1 626
2503 0 
2504 0 
2505 0 
2506 3 342 1166 1954
2507 3 331 1179 1972
2508 4 313 345 1157 1918
2509 0 
2510 0 
2511 1 1933
2512 0 
2513 0 
2514 0 
2515 1 1594
2516 3 303 1153 1945
2517 2 385 1973
2518 2 1338 1949
2519 0 
2520 0 
2521 2 913 1521
2522 1 649
2523 0 
2524 0 
2525 0 
2526 0 
2527 0 
2528 0 
2529 0 
2530 0 
2531 0 
2532 0 
2533 0 
2534 0 
2535 0 
2536 0 
2537 0 
2538 0 
2539 0 
2540 0 
2541 0 
2542 0 
2543 0 
2544 0 
2545 0 
2546 0 
2547 0 
2548 0 
2549 1 1019
2550 0 
2551 0 
2552 0 
2553 0 
2554 1 1166
2555 0 
2556 0 
2557 3 819 1206 1986
2558 3 347 1145 1962
2559 0 
2560 0 
2561 0 
2562 1 1988
2563 0 
2564 1 1674
2565 0 
2566 0 
2567 0 
2568 0 
2569 0 
2570 0 
2571 2 788 1969
2572 3 368 1418 1778
2573 0 
2574 0 
2575 2 66 1658
2576 0 
2577 3 333 1155 1933
2578 0 
2579 3 436 1172 1979
2580 0 
2581 1 358
2582 1 1270
2583 1 1251
2584 0 
2585 0 
2586 0 
2587 0 
2588 0 
2589 1 1343
2590 1 1266
2591 0 
2592 0 
2593 0 
2594 0 
2595 1 372
2596 0 
2597 0 
2598 0 
2599 0 
2600 0 
2601 0 
2602 0 
2603 0 
2604 1 614
2605 0 
2606 0 
2607 0 
2608 0 
2609 0 
2610 0 
2611 0 
2612 2 765 1858
2613 0 
2614 0 
2615 1 865
2616 0 
2617 0 
2618 1 1614
2619 0 
2620 3 332 1250 1983
2621 0 
2622 0 
2623 0 
2624 1 1714
2625 0 
2626 0 
2627 0 
2628 0 
2629 0 
2630 0 
2631 1 1883
2632 0 
2633 0 
2634 0 
2635 0 
2636 0 
2637 10 279 317 340 1102 1138 1160 1197 1918 1947 1968
2638 1 1991
2639 2 346 1681
2640 0 
2641 0 
2642 3 327 1120 1941
2643 2 1181 1994
2644 0 
2645 0 
2646 0 
2647 0 
2648 1 547
2649 0 
2650 0 
2651 0 
2652 3 327 1131 1951
2653 0 
2654 0 
2655 0 
2656 0 
2657 0 
2658 0 
2659 0 
2660 0 
2661 1 433
2662 0 
2663 0 
2664 1 1430
2665 0 
2666 1 1276
2667 0 
2668 0 
2669 0 
2670 0 
2671 0 
2672 0 
2673 0 
2674 1 823
2675 1 865
2676 0 
2677 0 
2678 0 
2679 1 706
2680 0 
2681 1 1020
2682 1 1090
2683 2 335 1205
2684 0 
2685 0 
2686 0 
2687 1 1364
2688 0 
2689 5 291 357 1122 1182 1944
2690 0 
2691 0 
2692 0 
2693 0 
2694 0 
2695 0 
2696 0 
2697 0 
2698 1 1249
2699 0 
2700 0 
2701 3 292 1144 1958
2702 0 
2703 0 
2704 1 1188
2705 0 
2706 3 362 1255 1974
2707 0 
2708 0 
2709 0 
2710 0 
2711 0 
2712 0 
2713 0 
2714 1 1759
2715 0 
2716 0 
2717 0 
2718 0 
2719 0 
2720 0 
2721 0 
2722 0 
2723 0 
2724 0 
2725 1 1915
2726 0 
2727 0 
2728 0 
2729 0 
2730 0 
2731 0 
2732 1 1982
2733 0 
2734 0 
2735 0 
2736 0 
2737 0 
2738 0 
2739 0 
2740 0 
2741 1 351
2742 0 
2743 0 
2744 1 243
2745 0 
2746 0 
2747 0 
2748 1 860
2749 0 
2750 0 
2751 0 
2752 0 
2753 0 
2754 0 
2755 0 
2756 1 428
2757 1 1951
2758 0 
2759 0 
2760 0 
2761 0 
2762 0 
2763 0 
2764 0 
2765 0 
2766 0 
2767 0 
2768 0 
2769 1 1134
2770 0 
2771 2 388 1085
2772 0 
2773 0 
2774 0 
2775 0 
2776 1 65
2777 0 
2778 0 
2779 0 
2780 0 
2781 0 
2782 0 
2783 0 
2784 0 
2785 0 
2786 0 
2787 1 466
2788 1 141
2789 0 
2790 0 
2791 0 
2792 0 
2793 0 
2794 0 
2795 0 
2796 0 
2797 0 
2798 0 
2799 1 1694
2800 0 
2801 1 1050
2802 0 
2803 0 
2804 1 854
2805 0 
2806 0 
2807 1 824
2808 1 447
2809 0 
2810 0 
2811 0 
2812 0 
2813 1 1584
2814 0 
2815 0 
2816 0 
2817 0 
2818 0 
2819 12 278 309 332 362 1107 1133 1153 1184 1898 1933 1951 1978
2820 1 1183
2821 0 
2822 1 481
2823 0 
2824 0 
2825 0 
2826 0 
2827 0 
2828 0 
2829 1 856
2830 0 
2831 0 
2832 1 706
2833 0 
2834 0 
2835 0 
2836 1 807
2837 3 333 1167 1952
2838 1 567
2839 2 1174 1984
2840 0 
2841 0 
2842 0 
2843 1 281
2844 0 
2845 0 
2846 0 
2847 0 
2848 0 
2849 0 
2850 0 
2851 0 
2852 1 1728
2853 0 
2854 0 
2855 0 
2856 0 
2857 0 
2858 1 1678
2859 0 
2860 0 
2861 0 
2862 0 
2863 1 1814
2864 0 
2865 0 
2866 0 
2867 0 
2868 0 
2869 0 
2870 0 
2871 0 
2872 0 
2873 0 
2874 0 
2875 0 
2876 1 435
2877 1 1437
2878 1 1237
2879 0 
2880 0 
2881 0 
2882 2 1486 1926
2883 0 
2884 0 
2885 0 
2886 0 
2887 0 
2888 1 1984
2889 0 
2890 0 
2891 0 
2892 0 
2893 0 
2894 1 1211
2895 0 
2896 0 
2897 0 
2898 0 
2899 0 
2900 1 1633
2901 10 268 318 338 375 1112 1126 1165 1906 1938 1964
2902 3 356 1185 1988
2903 0 
2904 0 
2905 0 
2906 0 
2907 0 
2908 0 
2909 0 
2910 0 
2911 0 
2912 0 
2913 0 
2914 0 
2915 0 
2916 0 
2917 1 1274
2918 1 146
2919 0 
2920 0 
2921 0 
2922 0 
2923 0 
2924 0 
2925 0 
2926 0 
2927 0 
2928 0 
2929 0 
2930 0 
2931 0 
2932 0 
2933 2 1198 1984
2934 0 
2935 0 
2936 0 
2937 0 
2938 0 
2939 0 
2940 1 1204
2941 0 
2942 1 1916
2943 0 
2944 0 
2945 0 
2946 0 
2947 0 
2948 0 
2949 0 
2950 0 
2951 1 1466
2952 0 
2953 0 
2954 0 
2955 0 
2956 1 1537
2957 0 
2958 1 1570
2959 0 
2960 0 
2961 0 
2962 0 
2963 1 1388
2964 0 
2965 1 424
2966 2 293 1209
2967 0 
2968 0 
2969 0 
2970 0 
2971 1 682
2972 2 1219 1988
2973 0 
2974 1 50
2975 0 
2976 0 
2977 0 
2978 1 1081
2979 1 630
2980 1 457
2981 0 
2982 1 631
2983 0 
2984 0 
2985 0 
2986 0 
2987 0 
2988 0 
2989 0 
2990 0 
2991 0 
2992 0 
2993 0 
2994 0 
2995 0 
2996 0 
2997 12 282 312 332 363 1093 1133 1158 1181 1911 1928 1953 1972
2998 0 
2999 1 438
3000 0 
3001 0 
3002 0 
3003 0 
3004 0 
3005 0 
3006 0 
3007 0 
3008 0 
3009 0 
3010 0 
3011 0 
3012 0 
3013 0 
3014 0 
3015 0 
3016 0 
3017 0 
3018 0 
3019 0 
3020 0 
3021 0 
3022 0 
3023 1 749
3024 1 1089
3025 0 
3026 0 
3027 0 
3028 0 
3029 1 744
3030 0 
3031 0 
3032 1 1504
3033 0 
3034 0 
3035 0 
3036 0 
3037 0 
3038 1 1172
3039 0 
3040 0 
3041 0 
3042 0 
3043 0 
3044 0 
3045 0 
3046 1 1990
3047 0 
3048 0 
3049 0 
3050 0 
3051 0 
3052 1 1100
3053 0 
3054 0 
3055 0 
3056 0 
3057 0 
3058 0 
3059 0 
3060 0 
3061 0 
3062 0 
3063 1 583
3064 0 
3065 0 
3066 0 
3067 0 
3068 0 
3069 0 
3070 0 
3071 0 
3072 0 
3073 0 
3074 0 
3075 0 
3076 0 
3077 0 
3078 0 
3079 0 
3080 0 
3081 0 
3082 0 
3083 0 
3084 1 404
3085 0 
3086 0 
3087 0 
3088 0 
3089 0 
3090 0 
3091 3 345 1120 1957
3092 1 1188
3093 0 
3094 0 
3095 0 
3096 0 
3097 0 
3098 0 
3099 0 
3100 0 
3101 0 
3102 1 1295
3103 0 
3104 0 
3105 0 
3106 0 
3107 0 
3108 0 
3109 0 
3110 0 
3111 0 
3112 1 641
3113 0 
3114 0 
3115 0 
3116 0 
3117 0 
3118 0 
3119 1 1212
3120 0 
3121 0 
3122 0 
3123 0 
3124 0 
3125 1 643
3126 0 
3127 0 
3128 0 
3129 0 
3130 0 
3131 0 
3132 0 
3133 0 
3134 1 1788
3135 0 
3136 0 
3137 0 
3138 0 
3139 0 
3140 0 
3141 0 
3142 0 
3143 1 1506
3144 1 1815
3145 0 
3146 0 
3147 0 
3148 0 
3149 0 
3150 0 
3151 1 321
3152 0 
3153 2 320 1152
3154 0 
3155 2 377 1145
3156 2 1173 1974
3157 3 340 1150 1949
3158 0 
3159 0 
3160 0 
3161 1 1615
3162 0 
3163 1 1602
3164 0 
3165 0 
3166 0 
3167 0 
3168 0 
3169 0 
3170 0 
3171 0 
3172 0 
3173 1 363
3174 0 
3175 0 
3176 1 1447
3177 0 
3178 0 
3179 1 674
3180 0 
3181 1 1485
3182 0 
3183 0 
3184 0 
3185 0 
3186 0 
3187 0 
3188 0 
3189 0 
3190 0 
3191 0 
3192 0 
3193 0 
3194 0 
3195 0 
3196 0 
3197 0 
3198 3 367 1180 1930
3199 0 
3200 0 
3201 0 
3202 0 
3203 0 
3204 0 
3205 1 404
3206 0 
3207 0 
3208 0 
3209 1 1988
3210 0 
3211 0 
3212 0 
3213 0 
3214 0 
3215 0 
3216 2 398 1633
3217 1 413
3218 0 
3219 0 
3220 0 
3221 0 
3222 0 
3223 1 1130
3224 0 
3225 0 
3226 0 
3227 0 
3228 0 
3229 15 270 304 326 342 361 1084 1126 1147 1167 1183 1903 1938 1954 1969 1990
3230 1 1917
3231 0 
3232 0 
3233 0 
3234 0 
3235 0 
3236 0 
3237 1 1266
3238 0 
3239 0 
3240 0 
3241 0 
3242 0 
3243 1 448
3244 1 661
3245 0 
3246 0 
3247 0 
3248 0 
3249 0 
3250 0 
3251 0 
3252 0 
3253 0 
3254 0 
3255 0 
3256 0 
3257 1 1800
3258 0 
3259 0 
3260 0 
3261 0 
3262 1 1172
3263 0 
3264 0 
3265 0 
3266 0 
3267 1 513
3268 0 
3269 0 
3270 1 1157
3271 1 604
3272 0 
3273 1 369
3274 2 1176 1954
3275 1 1649
3276 1 363
3277 0 
3278 0 
3279 0 
3280 1 812
3281 1 1914
3282 1 1188
3283 0 
3284 1 1200
3285 0 
3286 1 355
3287 1 305
3288 0 
3289 0 
3290 0 
3291 0 
3292 0 
3293 0 
3294 0 
3295 0 
3296 0 
3297 0 
3298 0 
3299 0 
3300 0 
3301 1 631
3302 0 
3303 0 
3304 1 1572
3305 1 649
3306 0 
3307 0 
3308 1 1396
3309 0 
3310 0 
3311 2 409 1676
3312 0 
3313 0 
3314 0 
3315 0 
3316 0 
3317 0 
3318 0 
3319 0 
3320 0 
3321 0 
3322 0 
3323 0 
3324 0 
3325 0 
3326 0 
3327 0 
3328 0 
3329 0 
3330 0 
3331 0 
3332 1 1591
3333 0 
3334 0 
3335 0 
3336 1 120
3337 3 398 1229 1989
3338 1 1929
3339 3 352 1127 1992
3340 0 
3341 1 1969
3342 0 
3343 0 
3344 1 511
3345 0 
3346 0 
3347 0 
3348 0 
3349 0 
3350 0 
3351 2 352 1824
3352 0 
3353 0 
3354 0 
3355 0 
3356 0 
3357 0 
3358 0 
3359 1 1162
3360 0 
3361 0 
3362 0 
3363 0 
3364 1 982
3365 0 
3366 1 1210
3367 0 
3368 0 
3369 0 
3370 0 
3371 0 
3372 1 898
3373 0 
3374 0 
3375 0 
3376 0 
3377 1 513
3378 1 722
3379 0 
3380 0 
3381 0 
3382 0 
3383 1 723
3384 0 
3385 0 
3386 0 
3387 1 1869
3388 2 353 1168
3389 1 544
3390 0 
3391 2 384 1185
3392 0 
3393 0 
3394 0 
3395 2 398 1278
3396 0 
3397 0 
3398 0 
3399 1 478
3400 0 
3401 1 1991
3402 0 
3403 3 312 1145 1949
3404 1 832
3405 0 
3406 0 
3407 0 
3408 1 556
3409 3 319 1134 1926
3410 0 
3411 3 323 1159 1958
3412 0 
3413 0 
3414 0 
3415 1 1979
3416 1 1696
3417 0 
3418 0 
3419 1 995
3420 0 
3421 0 
3422 0 
3423 0 
3424 0 
3425 1 519
3426 0 
3427 1 1660
3428 0 
3429 1 1602
3430 0 
3431 1 257
3432 0 
3433 0 
3434 0 
3435 0 
3436 2 1203 1952
3437 0 
3438 0 
3439 0 
3440 1 433
3441 0 
3442 0 
3443 0 
3444 0 
3445 0 
3446 2 1314 1740
3447 0 
3448 0 
3449 0 
3450 0 
3451 0 
3452 0 
3453 3 312 1127 1934
3454 0 
3455 0 
3456 0 
3457 0 
3458 0 
3459 0 
3460 0 
3461 0 
3462 0 
3463 0 
3464 0 
3465 0 
3466 0 
3467 0 
3468 0 
3469 0 
3470 0 
3471 0 
3472 1 1405
3473 1 1822
3474 0 
3475 0 
3476 0 
3477 1 373
3478 0 
3479 0 
3480 0 
3481 0 
3482 0 
3483 0 
3484 0 
3485 1 1961
3486 0 
3487 0 
3488 0 
3489 1 973
3490 0 
3491 1 142
3492 0 
3493 0 
3494 0 
3495 0 
3496 0 
3497 3 352 1199 1989
3498 0 
3499 0 
3500 1 457
3501 0 
3502 1 1830
3503 0 
3504 0 
3505 0 
3506 0 
3507 0 
3508 0 
3509 0 
3510 0 
3511 0 
3512 0 
3513 1 771
3514 0 
3515 1 350
3516 0 
3517 0 
3518 1 526
3519 0 
3520 0 
3521 0 
3522 0 
3523 0 
3524 0 
3525 1 236
3526 0 
3527 1 1582
3528 0 
3529 0 
3530 0 
3531 0 
3532 0 
3533 1 1051
3534 0 
3535 0 
3536 1 1108
3537 0 
3538 6 283 360 1119 1181 1942 1994
3539 0 
3540 0 
3541 0 
3542 1 1661
3543 0 
3544 0 
3545 1 1294
3546 1 813
3547 0 
3548 1 587
3549 0 
3550 0 
3551 0 
3552 0 
3553 1 1930
3554 0 
3555 0 
3556 0 
3557 0 
3558 0 
3559 0 
3560 0 
3561 1 1156
3562 0 
3563 0 
3564 0 
3565 1 1349
3566 0 
3567 0 
3568 1 753
3569 0 
3570 0 
3571 0 
3572 0 
3573 0 
3574 0 
3575 0 
3576 0 
3577 0 
3578 0 
3579 0 
3580 3 329 1188 1954
3581 0 
3582 0 
3583 0 
3584 0 
3585 1 1930
3586 0 
3587 0 
3588 0 
3589 0 
3590 0 
3591 0 
3592 0 
3593 0 
3594 0 
3595 1 1861
3596 0 
3597 0 
3598 0 
3599 0 
3600 0 
3601 1 1648
3602 0 
3603 1 1064
3604 3 358 1168 1938
3605 1 769
3606 0 
3607 0 
3608 0 
3609 0 
3610 3 328 1175 1937
3611 0 
3612 0 
3613 0 
3614 1 388
3615 0 
3616 0 
3617 0 
3618 0 
3619 0 
3620 0 
3621 0 
3622 0 
3623 0 
3624 0 
3625 0 
3626 0 
3627 1 297
3628 0 
3629 0 
3630 0 
3631 0 
3632 0 
3633 0 
3634 0 
3635 0 
3636 0 
3637 1 1682
3638 0 
3639 0 
3640 0 
3641 0 
3642 0 
3643 0 
3644 3 343 1133 1955
3645 3 329 1136 1938
3646 2 1180 1954
3647 0 
3648 1 1977
3649 0 
3650 0 
3651 0 
3652 1 808
3653 0 
3654 0 
3655 0 
3656 0 
3657 16 247 305 319 332 349 1097 1129 1143 1162 1177 1194 1909 1930 1943 1960 1975
3658 0 
3659 0 
3660 1 1438
3661 1 1255
3662 0 
3663 0 
3664 0 
3665 0 
3666 0 
3667 0 
3668 1 849
3669 0 
3670 0 
3671 0 
3672 0 
3673 1 1749
3674 0 
3675 1 326
3676 0 
3677 0 
3678 0 
3679 0 
3680 0 
3681 0 
3682 0 
3683 0 
3684 1 1189
3685 1 1208
3686 3 367 1216 1974
3687 1 1034
3688 1 1953
3689 0 
3690 1 1995
3691 1 1922
3692 1 728
3693 0 
3694 0 
3695 1 1571
3696 0 
3697 0 
3698 0 
3699 0 
3700 0 
3701 0 
3702 3 305 1169 1954
3703 1 946
3704 0 
3705 1 317
3706 1 1819
3707 1 998
3708 0 
3709 1 1689
3710 3 320 1140 1976
3711 1 1460
3712 1 1161
3713 1 565
3714 0 
3715 0 
3716 0 
3717 0 
3718 0 
3719 0 
3720 0 
3721 0 
3722 0 
3723 0 
3724 2 367 1154
3725 1 1181
3726 0 
3727 0 
3728 0 
3729 1 1043
3730 0 
3731 0 
3732 0 
3733 0 
3734 3 253 1175 1955
3735 1 1484
3736 0 
3737 0 
3738 0 
3739 0 
3740 3 337 1186 1933
3741 1 1687
3742 1 1519
3743 0 
3744 0 
3745 0 
3746 0 
3747 0 
3748 0 
3749 0 
3750 0 
3751 0 
3752 1 394
3753 1 1014
3754 1 1164
3755 0 
3756 0 
3757 0 
3758 0 
3759 1 630
3760 0 
3761 0 
3762 0 
3763 0 
3764 0 
3765 1 1370
3766 0 
3767 0 
3768 0 
3769 2 378 1214
3770 2 326 1991
3771 0 
3772 3 398 1147 1974
3773 0 
3774 0 
3775 0 
3776 0 
3777 0 
3778 0 
3779 0 
3780 0 
3781 0 
3782 0 
3783 0 
3784 0 
3785 1 1844
3786 0 
3787 2 332 1183
3788 3 368 1191 1952
3789 0 
3790 1 518
3791 0 
3792 0 
3793 0 
3794 1 1578
3795 0 
3796 2 1097 1642
3797 0 
3798 0 
3799 1 1162
3800 0 
3801 1 1942
3802 0 
3803 1 1032
3804 0 
3805 0 
3806 0 
3807 0 
3808 0 
3809 0 
3810 0 
3811 0 
3812 1 363
3813 0 
3814 0 
3815 0 
3816 0 
3817 0 
3818 1 760
3819 0 
3820 0 
3821 1 979
3822 1 345
3823 0 
3824 3 280 1129 1954
3825 0 
3826 1 1979
3827 0 
3828 0 
3829 0 
3830 0 
3831 0 
3832 0 
3833 0 
3834 0 
3835 0 
3836 3 389 1164 1989
3837 0 
3838 1 932
3839 0 
3840 0 
3841 0 
3842 0 
3843 1 902
3844 0 
3845 1 389
3846 0 
3847 0 
3848 0 
3849 0 
3850 0 
3851 0 
3852 1 402
3853 0 
3854 1 901
3855 0 
3856 0 
3857 0 
3858 0 
3859 0 
3860 1 660
3861 0 
3862 1 295
3863 1 1133
3864 3 368 1139 1982
3865 0 
3866 0 
3867 0 
3868 3 382 1154 1962
3869 1 1574
3870 0 
3871 0 
3872 0 
3873 0 
3874 0 
3875 0 
3876 0 
3877 3 396 1162 1995
3878 2 511 1211
3879 0 
3880 2 1179 1963
3881 0 
3882 0 
3883 0 
3884 0 
3885 3 331 1158 1994
3886 3 331 1161 1943
3887 3 326 1143 1984
3888 1 898
3889 1 1685
3890 2 327 1982
3891 3 319 1175 1987
3892 1 1139
3893 2 997 1694
3894 1 349
3895 0 
3896 0 
3897 1 1552
3898 0 
3899 0 
3900 0 
3901 0 
3902 1 1301
3903 0 
3904 0 
3905 0 
3906 0 
3907 0 
3908 29 262 279 296 307 317 327 337 348 362 1081 1100 1118 1129 1140 1150 1160 1170 1182 1203 1888 1912 1926 1936 1946 1955 1963 1973 1984 1996
3909 0 
3910 0 
3911 0 
3912 0 
3913 0 
3914 6 308 347 1119 1155 1922 1970
3915 0 
3916 0 
3917 0 
3918 0 
3919 3 308 1201 1978
3920 0 
3921 0 
3922 0 
3923 1 1594
3924 2 359 1228
3925 0 
3926 3 347 1132 1957
3927 3 353 1177 1986
3928 3 309 1145 1959
3929 0 
3930 3 301 1150 1920
3931 2 391 1984
3932 0 
3933 0 
3934 0 
3935 0 
3936 2 366 1984
3937 0 
3938 0 
3939 0 
3940 0 
3941 2 1199 1990
3942 3 299 1136 1953
3943 0 
3944 0 
3945 0 
3946 0 
3947 3 331 1137 1950
3948 1 939
3949 0 
3950 3 316 1154 1965
3951 3 374 1187 1975
3952 0 
3953 0 
3954 0 
3955 0 
3956 0 
3957 0 
3958 0 
3959 0 
3960 3 347 1142 1973
3961 3 375 1170 1970
3962 0 
3963 1 366
3964 0 
3965 0 
3966 0 
3967 0 
3968 0 
3969 0 
3970 0 
3971 0 
3972 1 1313
3973 1 396
3974 0 
3975 0 
3976 0 
3977 0 
3978 0 
3979 0 
3980 1 1114
3981 0 
3982 0 
3983 0 
3984 0 
3985 3 344 1194 1966
3986 1 1344
3987 0 
3988 2 1205 1903
3989 1 1399
3990 1 1990
3991 3 313 1130 1925
3992 1 374
3993 0 
3994 2 342 1132
3995 1 1174
3996 3 344 1191 1982
3997 1 1187
3998 33 225 274 287 298 309 318 326 334 343 353 364 1050 1100 1113 1123 1132 1141 1149 1157 1166 1175 1188 1849 1908 1922 1932 1940 1947 1954 1961 1970 1979 1990
3999 0 
4000 0 
4001 2 1134 1958
4002 9 247 325 352 1075 1161 1191 1911 1957 1980
4003 18 277 300 316 334 349 383 1093 1123 1141 1155 1172 1192 1906 1924 1941 1957 1973 1994
4004 0 
4005 3 359 1172 1984
4006 12 240 306 324 349 1107 1133 1148 1173 1898 1938 1953 1972
4007 0 
4008 0 
4009 0 
4010 0 
4011 1 1386
4012 12 279 308 332 357 1086 1134 1152 1180 1909 1940 1958 1970
4013 0 
4014 27 259 287 298 310 321 331 341 352 364 1085 1108 1124 1135 1145 1154 1163 1175 1190 1898 1916 1928 1939 1948 1958 1967 1978 1989
4015 0 
4016 1 682
4017 0 
4018 0 
4019 0 
4020 3 335 1150 1969
4021 1 371
4022 3 363 1150 1984
4023 0 
4024 0 
4025 0 
4026 1 1057
4027 1 1316
4028 2 379 1983
4029 0 
4030 30 236 276 290 302 313 325 333 342 352 364 1084 1101 1116 1129 1139 1148 1157 1167 1180 1193 1854 1911 1924 1934 1943 1952 1960 1969 1978 1989
4031 24 254 287 300 312 323 334 349 367 1086 1110 1126 1139 1152 1165 1181 1209 1898 1917 1931 1941 1953 1965 1978 1994
4032 34 230 271 285 298 307 317 326 335 344 352 364 384 1067 1100 1112 1123 1134 1143 1152 1160 1169 1178 1193 1874 1915 1924 1933 1942 1950 1958 1965 1973 1983 1997
4033 36 246 274 287 297 307 316 323 330 337 345 355 367 1065 1093 1107 1118 1128 1138 1146 1154 1162 1171 1182 1196 1881 1908 1919 1927 1935 1943 1951 1958 1965 1973 1982 1990
4034 27 258 285 299 310 322 332 341 353 373 1080 1106 1119 1132 1143 1152 1163 1174 1187 1903 1917 1928 1938 1948 1958 1969 1979 1991
4035 24 267 294 306 317 328 341 355 385 1089 1113 1128 1140 1152 1164 1179 1200 1891 1919 1930 1943 1954 1965 1978 1995
4036 21 269 295 312 324 335 347 363 1081 1114 1129 1143 1156 1170 1193 1913 1927 1942 1955 1966 1979 1993
4037 23 216 290 307 320 331 343 357 383 1093 1115 1134 1147 1158 1171 1186 1884 1924 1937 1951 1961 1972 1983 1999
4038 33 261 272 288 299 310 319 327 336 344 354 366 1078 1096 1111 1121 1132 1141 1150 1159 1169 1179 1192 1877 1913 1923 1932 1941 1949 1956 1963 1972 1982 1992
4039 24 268 286 303 314 325 339 351 369 1082 1102 1126 1140 1150 1163 1174 1189 1899 1917 1932 1944 1954 1964 1975 1985
4040 33 244 270 287 297 307 316 324 333 342 352 363 1068 1090 1108 1121 1131 1141 1150 1158 1167 1176 1189 1899 1913 1924 1933 1941 1948 1957 1964 1972 1982 1993
4041 26 274 288 300 314 325 336 348 362 391 1086 1115 1128 1139 1150 1161 1173 1184 1869 1915 1928 1940 1951 1960 1969 1981 1994
4042 3 302 1145 1928
4043 2 358 1190
4044 27 256 279 295 308 319 329 339 352 367 1080 1102 1123 1136 1145 1154 1164 1176 1191 1897 1917 1929 1940 1951 1959 1969 1981 1991
4045 0 
4046 37 261 273 285 296 305 314 322 329 337 345 354 363 378 1067 1088 1105 1118 1127 1137 1145 1153 1161 1169 1178 1190 1877 1907 1918 1927 1935 1943 1951 1958 1965 1973 1981 1991
4047 39 243 268 285 295 305 313 321 329 336 344 352 362 376 1068 1094 1106 1116 1125 1135 1143 1151 1159 1168 1177 1187 1207 1881 1905 1918 1926 1934 1941 1949 1956 1963 1970 1978 1987 1997
4048 23 253 282 300 314 327 338 351 380 1075 1113 1126 1139 1149 1162 1175 1897 1922 1934 1946 1957 1968 1982 1998
4049 39 243 259 280 292 302 311 319 327 334 343 351 361 371 1070 1095 1107 1118 1128 1136 1142 1150 1158 1166 1174 1184 1197 1856 1902 1917 1926 1934 1941 1948 1956 1963 1970 1977 1985 1994
4050 31 225 277 293 304 315 324 334 343 353 370 1071 1101 1118 1131 1140 1148 1157 1167 1177 1193 1889 1912 1925 1934 1943 1951 1959 1967 1976 1985 1999
4051 24 240 289 306 317 329 339 349 363 1081 1114 1127 1139 1150 1162 1175 1191 1889 1920 1934 1948 1958 1968 1980 1992
4052 33 253 276 291 301 310 320 329 337 346 356 371 1079 1093 1109 1121 1132 1142 1150 1159 1169 1181 1193 1852 1913 1924 1934 1942 1951 1958 1965 1974 1983 1994
4053 35 206 272 287 299 308 317 325 333 341 351 364 1026 1092 1108 1119 1129 1138 1146 1154 1164 1172 1181 1197 1892 1910 1921 1930 1939 1946 1953 1961 1969 1978 1988 1999
4054 26 257 282 298 309 319 331 342 355 1076 1105 1118 1130 1142 1153 1165 1179 1197 1906 1919 1930 1940 1950 1958 1967 1978 1990
4055 30 235 282 294 305 315 325 334 344 355 368 1083 1100 1115 1130 1140 1150 1159 1170 1182 1200 1849 1907 1920 1930 1941 1950 1959 1968 1976 1988
4056 26 248 285 300 314 324 334 346 360 1037 1103 1121 1136 1146 1157 1169 1182 1203 1899 1917 1928 1940 1950 1960 1970 1981 1995
4057 41 243 267 280 290 302 310 318 325 333 341 348 357 367 380 1048 1092 1106 1115 1124 1133 1141 1148 1155 1163 1172 1181 1191 1207 1896 1909 1919 1927 1935 1943 1950 1957 1964 1971 1978 1985 1993
4058 42 227 265 282 292 301 309 316 323 330 337 345 352 360 370 1034 1091 1105 1115 1125 1133 1140 1147 1154 1161 1167 1174 1183 1194 1881 1907 1918 1926 1934 1941 1948 1954 1960 1966 1974 1981 1989 1998
4059 29 264 279 293 307 317 326 335 345 356 1063 1111 1121 1133 1142 1151 1159 1169 1180 1201 1901 1915 1926 1936 1945 1953 1960 1969 1980 1992
4060 32 249 279 289 303 314 323 331 339 348 359 374 1063 1104 1117 1127 1137 1147 1156 1165 1174 1186 1877 1907 1919 1931 1939 1947 1955 1964 1973 1983 1995
4061 30 259 278 292 304 315 326 335 345 355 369 1067 1107 1119 1128 1138 1149 1158 1169 1179 1197 1900 1915 1926 1935 1945 1955 1963 1971 1981 1994
4062 36 254 269 286 296 306 315 323 331 338 346 356 366 1066 1092 1108 1119 1128 1137 1145 1154 1163 1172 1183 1196 1892 1909 1919 1930 1938 1945 1952 1959 1966 1974 1981 1990
4063 34 256 271 285 299 310 319 328 336 344 354 366 1078 1097 1112 1122 1133 1143 1151 1160 1169 1179 1190 1856 1904 1919 1929 1937 1945 1953 1960 1967 1974 1983 1995
4064 31 244 279 292 304 314 324 333 343 352 362 1033 1094 1110 1125 1137 1147 1157 1165 1174 1185 1199 1874 1913 1926 1935 1944 1953 1961 1969 1978 1989
4065 33 258 279 291 303 314 324 333 342 351 363 380 1047 1101 1115 1127 1138 1146 1154 1163 1173 1188 1215 1877 1914 1925 1935 1943 1952 1960 1969 1978 1987 1999
4066 41 237 269 282 293 302 309 317 324 331 338 347 355 364 379 1066 1098 1108 1117 1126 1134 1141 1148 1156 1164 1171 1180 1191 1215 1896 1907 1917 1927 1935 1941 1947 1954 1961 1968 1976 1984 1994
4067 52 254 266 277 285 291 299 306 312 318 324 330 336 342 349 356 364 374 1017 1087 1096 1104 1112 1120 1127 1134 1140 1146 1152 1159 1165 1171 1178 1185 1194 1208 1889 1901 1909 1917 1924 1931 1937 1943 1949 1954 1959 1964 1970 1976 1982 1989 1996
4068 39 237 272 285 295 305 313 321 329 337 345 352 362 373 1073 1093 1105 1119 1128 1136 1144 1152 1160 1168 1177 1187 1201 1865 1901 1916 1926 1933 1940 1947 1954 1961 1969 1978 1986 1996
4069 37 232 270 283 295 304 313 322 330 339 347 356 366 380 1062 1094 1107 1119 1130 1140 1148 1156 1164 1172 1183 1194 1883 1900 1917 1926 1935 1943 1951 1959 1967 1975 1983 1991
4070 36 250 278 290 300 309 318 326 334 342 351 359 370 1062 1100 1114 1124 1134 1141 1148 1157 1165 1174 1185 1200 1891 1911 1922 1931 1939 1947 1954 1961 1968 1975 1985 1994
4071 49 211 265 277 285 294 302 308 314 320 326 333 340 347 354 362 372 1044 1089 1098 1107 1114 1122 1130 1136 1143 1149 1155 1161 1168 1174 1183 1192 1210 1864 1902 1910 1919 1926 1933 1939 1944 1950 1956 1962 1968 1974 1980 1987 1995
4072 32 199 270 287 300 311 321 330 338 348 358 375 1082 1099 1116 1127 1137 1147 1155 1164 1176 1188 1898 1913 1924 1934 1942 1951 1959 1966 1975 1986 1997
4073 44 224 264 278 290 299 308 315 322 329 336 343 351 359 368 388 1007 1089 1100 1113 1124 1132 1139 1146 1153 1160 1167 1174 1182 1192 1212 1882 1902 1914 1923 1932 1939 1945 1951 1957 1963 1970 1977 1984 1993
4074 39 237 273 284 296 304 312 319 326 333 340 347 356 367 1071 1095 1109 1118 1128 1136 1143 1151 1158 1167 1175 1183 1195 1885 1909 1920 1928 1936 1943 1949 1955 1962 1968 1975 1984 1992
4075 43 221 267 281 292 301 309 316 324 331 339 346 354 363 372 1023 1086 1099 1110 1120 1129 1136 1143 1149 1157 1165 1172 1180 1190 1206 1875 1905 1917 1925 1932 1939 1946 1953 1960 1966 1973 1979 1986 1994
4076 45 245 268 282 290 299 307 313 320 327 334 340 347 355 363 374 1029 1077 1094 1106 1117 1126 1136 1143 1149 1156 1163 1170 1177 1186 1199 1873 1902 1912 1921 1929 1936 1943 1949 1955 1961 1967 1973 1980 1987 1996
4077 40 192 270 284 294 303 311 319 326 334 341 349 358 367 384 1051 1095 1106 1116 1125 1134 1142 1150 1158 1166 1173 1181 1191 1889 1902 1917 1926 1935 1943 1950 1957 1963 1970 1977 1984 1992
4078 42 258 272 283 293 301 309 316 323 330 337 344 352 360 370 1051 1086 1098 1110 1120 1130 1138 1145 1152 1159 1167 1174 1184 1195 1898 1908 1917 1925 1932 1939 1946 1953 1959 1966 1972 1979 1987 1996
4079 59 233 253 266 276 283 290 296 302 308 314 319 324 330 336 341 346 353 360 368 378 1045 1074 1088 1097 1105 1112 1119 1125 1131 1137 1142 1147 1152 1157 1162 1168 1174 1180 1189 1201 1875 1889 1903 1911 1918 1924 1929 1934 1939 1944 1949 1954 1959 1964 1969 1974 1980 1987 1994
4080 36 256 275 286 299 308 317 325 333 341 350 359 370 1049 1097 1111 1121 1132 1140 1148 1156 1165 1173 1183 1194 1881 1911 1923 1932 1940 1947 1954 1961 1968 1976 1985 1995
4081 51 221 263 273 283 291 299 306 312 318 324 330 336 342 348 355 362 372 1064 1083 1094 1103 1112 1120 1128 1135 1141 1147 1153 1159 1165 1171 1178 1186 1198 1872 1900 1909 1916 1923 1930 1936 1942 1947 1953 1958 1963 1968 1975 1982 1990 1999
4082 45 246 265 279 289 298 306 314 320 327 334 342 349 358 368 381 1055 1083 1101 1111 1120 1129 1137 1144 1150 1157 1164 1171 1179 1188 1201 1877 1901 1912 1922 1931 1937 1944 1951 1957 1963 1969 1976 1983 1990 1999
4083 42 257 274 285 296 303 311 318 326 334 341 349 357 366 379 1053 1089 1102 1111 1121 1130 1139 1147 1155 1162 1170 1178 1187 1195 1842 1902 1915 1925 1933 1940 1947 1954 1960 1966 1973 1980 1987 1995
4084 52 216 262 272 280 288 296 304 311 317 323 328 334 341 348 355 362 371 391 1060 1080 1094 1104 1113 1121 1129 1136 1141 1147 1153 1158 1165 1172 1180 1188 1200 1876 1897 1908 1915 1923 1930 1936 1942 1947 1953 1959 1965 1971 1977 1983 1990 1998
4085 46 188 256 272 284 293 302 309 315 321 328 334 341 348 355 363 378 1068 1085 1096 1108 1119 1127 1135 1142 1148 1154 1161 1169 1176 1184 1194 1857 1903 1913 1920 1927 1933 1939 1945 1951 1958 1964 1971 1978 1986 1994
4086 55 242 260 270 279 287 295 302 308 314 320 326 331 336 341 347 354 362 371 1034 1082 1094 1102 1112 1119 1125 1131 1137 1143 1149 1154 1160 1166 1172 1178 1185 1193 1208 1838 1895 1905 1913 1920 1927 1933 1938 1944 1949 1954 1960 1965 1971 1977 1983 1989 1996
4087 59 209 250 263 274 282 290 297 304 310 315 320 325 330 335 341 347 353 360 369 378 1060 1072 1088 1097 1106 1113 1119 1125 1132 1138 1143 1149 1154 1160 1165 1171 1178 1185 1194 1207 1875 1891 1902 1910 1918 1924 1930 1935 1940 1945 1950 1955 1960 1965 1970 1976 1981 1988 1996
4088 46 224 257 277 286 294 302 309 316 322 328 335 342 349 357 367 378 1058 1091 1102 1110 1118 1126 1134 1140 1146 1153 1160 1167 1175 1183 1194 1862 1903 1913 1921 1929 1935 1941 1947 1953 1958 1964 1970 1977 1984 1992
4089 48 234 263 280 290 299 306 313 320 326 332 338 344 351 359 367 384 1074 1097 1107 1116 1124 1132 1139 1146 1152 1158 1164 1170 1177 1184 1192 1207 1710 1888 1900 1913 1921 1928 1935 1942 1948 1954 1960 1966 1972 1978 1985 1993
4090 1 396
4091 44 201 258 271 284 292 301 310 317 323 330 337 345 353 362 372 1067 1087 1101 1112 1121 1129 1136 1143 1150 1157 1164 1171 1180 1190 1200 1882 1902 1914 1923 1931 1938 1945 1951 1957 1963 1969 1976 1983 1991
4092 52 239 259 269 282 290 297 304 310 316 322 328 334 340 347 354 361 370 393 1062 1081 1096 1106 1114 1122 1128 1134 1139 1145 1151 1157 1163 1170 1177 1185 1195 1870 1894 1906 1914 1922 1928 1934 1939 1945 1951 1956 1961 1967 1973 1980 1988 1996
4093 51 246 260 272 285 292 299 306 312 318 324 330 336 341 348 355 363 374 1028 1068 1096 1105 1113 1121 1128 1135 1141 1147 1154 1161 1167 1173 1179 1187 1196 1868 1893 1908 1917 1925 1931 1938 1944 1949 1954 1959 1964 1970 1976 1982 1988 1995
4094 47 251 267 280 289 297 304 311 318 324 330 336 343 350 358 367 379 1068 1091 1102 1114 1122 1129 1135 1142 1149 1155 1161 1167 1173 1181 1191 1704 1886 1909 1918 1925 1932 1938 1944 1950 1956 1962 1968 1974 1980 1987 1995
