0 0 
1 0 
2 0 
3 0 
4 0 
5 0 
6 1 735
7 0 
8 1 1104
9 0 
10 1 578
11 0 
12 0 
13 0 
14 0 
15 0 
16 0 
17 0 
18 0 
19 0 
20 0 
21 1 1911
22 0 
23 0 
24 0 
25 1 1412
26 0 
27 0 
28 0 
29 2 961 1865
30 2 411 1676
31 0 
32 0 
33 0 
34 0 
35 0 
36 0 
37 0 
38 0 
39 2 859 1433
40 0 
41 0 
42 0 
43 0 
44 0 
45 0 
46 0 
47 0 
48 0 
49 0 
50 3 459 1337 1955
51 0 
52 0 
53 0 
54 0 
55 0 
56 0 
57 0 
58 0 
59 0 
60 0 
61 1 1263
62 0 
63 1 547
64 0 
65 0 
66 0 
67 0 
68 0 
69 0 
70 1 1901
71 1 1347
72 0 
73 0 
74 0 
75 0 
76 0 
77 0 
78 0 
79 0 
80 1 698
81 0 
82 0 
83 0 
84 1 970
85 1 1834
86 0 
87 0 
88 0 
89 0 
90 0 
91 2 686 1406
92 1 476
93 2 1041 1780
94 1 1203
95 0 
96 0 
97 0 
98 0 
99 0 
100 0 
101 0 
102 0 
103 0 
104 0 
105 0 
106 0 
107 0 
108 2 592 1565
109 1 1239
110 1 795
111 0 
112 0 
113 0 
114 1 1972
115 0 
116 0 
117 0 
118 0 
119 0 
120 0 
121 0 
122 0 
123 1 288
124 0 
125 0 
126 1 240
127 0 
128 0 
129 0 
130 0 
131 0 
132 0 
133 0 
134 0 
135 0 
136 0 
137 0 
138 1 1148
139 0 
140 1 1488
141 0 
142 1 1892
143 0 
144 1 1912
145 0 
146 0 
147 0 
148 1 1926
149 0 
150 0 
151 0 
152 0 
153 0 
154 0 
155 0 
156 0 
157 1 1369
158 2 817 1141
159 1 1337
160 0 
161 1 1034
162 0 
163 0 
164 0 
165 0 
166 0 
167 1 327
168 0 
169 0 
170 0 
171 0 
172 1 772
173 1 388
174 0 
175 1 1723
176 0 
177 0 
178 1 1091
179 1 1340
180 1 491
181 1 503
182 1 876
183 1 351
184 0 
185 1 752
186 0 
187 0 
188 0 
189 0 
190 0 
191 0 
192 0 
193 0 
194 0 
195 0 
196 0 
197 0 
198 0 
199 0 
200 0 
201 0 
202 1 1348
203 1 1749
204 1 979
205 0 
206 0 
207 0 
208 0 
209 1 713
210 0 
211 2 796 1986
212 0 
213 1 768
214 1 1594
215 1 829
216 0 
217 1 403
218 0 
219 1 792
220 0 
221 0 
222 0 
223 0 
224 0 
225 0 
226 0 
227 0 
228 0 
229 0 
230 0 
231 0 
232 0 
233 0 
234 0 
235 0 
236 1 1305
237 1 1708
238 1 958
239 2 975 1796
240 0 
241 0 
242 0 
243 0 
244 2 909 1689
245 0 
246 1 1302
247 0 
248 2 973 1879
249 1 418
250 0 
251 1 1868
252 1 1034
253 1 913
254 0 
255 0 
256 1 1375
257 0 
258 0 
259 0 
260 0 
261 0 
262 0 
263 0 
264 0 
265 0 
266 0 
267 0 
268 0 
269 0 
270 0 
271 1 515
272 0 
273 0 
274 0 
275 0 
276 0 
277 0 
278 0 
279 0 
280 0 
281 1 831
282 0 
283 0 
284 0 
285 2 988 1832
286 0 
287 1 1358
288 0 
289 1 1193
290 0 
291 0 
292 0 
293 0 
294 1 1494
295 1 811
296 1 878
297 0 
298 0 
299 0 
300 1 719
301 1 772
302 0 
303 0 
304 1 548
305 0 
306 1 1996
307 0 
308 0 
309 0 
310 1 1649
311 1 568
312 0 
313 0 
314 0 
315 1 1780
316 1 568
317 0 
318 0 
319 0 
320 0 
321 0 
322 1 549
323 0 
324 1 1530
325 0 
326 0 
327 1 518
328 0 
329 0 
330 0 
331 0 
332 1 1717
333 0 
334 0 
335 0 
336 1 1734
337 0 
338 0 
339 0 
340 0 
341 0 
342 0 
343 1 802
344 0 
345 0 
346 1 516
347 2 438 836
348 0 
349 0 
350 0 
351 0 
352 1 1813
353 0 
354 0 
355 0 
356 0 
357 0 
358 0 
359 0 
360 1 1355
361 2 399 1226
362 0 
363 1 1887
364 0 
365 1 846
366 1 1351
367 0 
368 0 
369 1 483
370 0 
371 0 
372 0 
373 0 
374 0 
375 0 
376 1 1451
377 0 
378 0 
379 0 
380 0 
381 1 1836
382 1 1561
383 0 
384 0 
385 0 
386 0 
387 0 
388 1 1056
389 2 640 1377
390 0 
391 0 
392 0 
393 0 
394 0 
395 0 
396 0 
397 1 1310
398 0 
399 0 
400 0 
401 0 
402 0 
403 1 673
404 0 
405 0 
406 0 
407 0 
408 1 1808
409 0 
410 0 
411 0 
412 0 
413 1 1239
414 0 
415 0 
416 0 
417 1 1350
418 1 769
419 0 
420 1 932
421 1 535
422 0 
423 1 727
424 0 
425 0 
426 0 
427 1 1100
428 0 
429 1 1138
430 0 
431 0 
432 0 
433 0 
434 0 
435 1 1279
436 0 
437 1 1582
438 1 1734
439 1 1514
440 0 
441 0 
442 0 
443 0 
444 1 535
445 0 
446 0 
447 0 
448 0 
449 1 1403
450 0 
451 0 
452 0 
453 0 
454 0 
455 0 
456 1 833
457 0 
458 0 
459 0 
460 0 
461 0 
462 1 768
463 0 
464 0 
465 0 
466 0 
467 0 
468 0 
469 0 
470 0 
471 0 
472 0 
473 0 
474 0 
475 0 
476 1 820
477 0 
478 0 
479 2 983 1351
480 0 
481 0 
482 0 
483 0 
484 0 
485 0 
486 0 
487 0 
488 1 1000
489 0 
490 0 
491 1 791
492 1 857
493 0 
494 1 1301
495 0 
496 0 
497 0 
498 0 
499 0 
500 0 
501 0 
502 0 
503 0 
504 0 
505 0 
506 0 
507 0 
508 0 
509 0 
510 0 
511 0 
512 0 
513 1 1180
514 0 
515 1 579
516 0 
517 0 
518 0 
519 0 
520 2 697 1373
521 1 320
522 0 
523 1 1063
524 1 1359
525 0 
526 0 
527 0 
528 0 
529 0 
530 1 210
531 1 635
532 0 
533 1 767
534 0 
535 0 
536 2 996 1537
537 0 
538 0 
539 0 
540 1 547
541 0 
542 1 241
543 0 
544 0 
545 0 
546 2 194 1380
547 1 894
548 0 
549 0 
550 1 1933
551 0 
552 0 
553 1 661
554 1 1287
555 0 
556 0 
557 0 
558 0 
559 0 
560 0 
561 0 
562 1 744
563 1 646
564 0 
565 1 1853
566 0 
567 0 
568 1 1548
569 1 915
570 1 229
571 0 
572 0 
573 1 889
574 1 727
575 0 
576 0 
577 0 
578 0 
579 0 
580 1 1841
581 0 
582 0 
583 0 
584 0 
585 0 
586 0 
587 1 864
588 0 
589 0 
590 2 687 1360
591 1 863
592 0 
593 2 786 1581
594 0 
595 0 
596 1 803
597 1 1515
598 1 1129
599 0 
600 0 
601 1 1595
602 0 
603 0 
604 0 
605 0 
606 0 
607 0 
608 1 410
609 0 
610 0 
611 1 874
612 0 
613 0 
614 0 
615 0 
616 0 
617 0 
618 1 982
619 2 415 1182
620 1 925
621 2 678 1445
622 2 381 1186
623 1 445
624 1 1475
625 1 1275
626 0 
627 0 
628 0 
629 0 
630 0 
631 0 
632 0 
633 0 
634 1 888
635 0 
636 0 
637 0 
638 0 
639 0 
640 0 
641 0 
642 0 
643 0 
644 0 
645 0 
646 0 
647 0 
648 1 1898
649 0 
650 0 
651 0 
652 0 
653 1 848
654 0 
655 0 
656 2 754 1680
657 0 
658 0 
659 0 
660 0 
661 0 
662 1 1997
663 0 
664 0 
665 0 
666 0 
667 0 
668 0 
669 1 429
670 0 
671 0 
672 0 
673 0 
674 1 988
675 0 
676 0 
677 0 
678 0 
679 0 
680 0 
681 0 
682 0 
683 0 
684 0 
685 1 864
686 1 1329
687 1 1403
688 0 
689 1 959
690 0 
691 1 1365
692 0 
693 1 1910
694 0 
695 0 
696 0 
697 0 
698 1 1785
699 0 
700 1 444
701 0 
702 0 
703 0 
704 1 527
705 1 915
706 0 
707 0 
708 0 
709 0 
710 0 
711 0 
712 1 745
713 0 
714 0 
715 0 
716 0 
717 0 
718 0 
719 1 833
720 1 167
721 1 820
722 0 
723 0 
724 0 
725 0 
726 0 
727 0 
728 0 
729 0 
730 0 
731 0 
732 0 
733 0 
734 0 
735 0 
736 0 
737 0 
738 1 1922
739 0 
740 0 
741 1 1563
742 1 1283
743 0 
744 1 187
745 0 
746 0 
747 0 
748 0 
749 0 
750 0 
751 0 
752 0 
753 0 
754 0 
755 1 1942
756 0 
757 0 
758 2 656 1917
759 1 627
760 1 1889
761 0 
762 0 
763 0 
764 1 1595
765 0 
766 0 
767 0 
768 0 
769 0 
770 0 
771 0 
772 0 
773 0 
774 0 
775 0 
776 0 
777 0 
778 0 
779 1 1933
780 1 829
781 0 
782 0 
783 1 1638
784 0 
785 1 1393
786 0 
787 2 763 1346
788 0 
789 0 
790 1 1244
791 1 1592
792 0 
793 1 826
794 2 361 1935
795 0 
796 0 
797 0 
798 0 
799 0 
800 0 
801 0 
802 0 
803 2 421 545
804 0 
805 0 
806 0 
807 0 
808 0 
809 0 
810 0 
811 0 
812 0 
813 1 917
814 0 
815 0 
816 0 
817 1 1311
818 1 1975
819 0 
820 0 
821 0 
822 0 
823 0 
824 0 
825 1 1081
826 0 
827 0 
828 0 
829 0 
830 0 
831 0 
832 1 1702
833 1 1720
834 0 
835 1 475
836 1 1832
837 0 
838 0 
839 0 
840 0 
841 1 1273
842 0 
843 0 
844 0 
845 0 
846 0 
847 0 
848 0 
849 0 
850 0 
851 0 
852 1 1979
853 1 946
854 1 1653
855 0 
856 0 
857 0 
858 0 
859 0 
860 1 1697
861 0 
862 0 
863 0 
864 0 
865 0 
866 1 1162
867 0 
868 0 
869 1 1386
870 0 
871 0 
872 0 
873 0 
874 0 
875 0 
876 0 
877 1 1387
878 0 
879 0 
880 0 
881 0 
882 0 
883 1 899
884 0 
885 0 
886 2 850 1834
887 0 
888 0 
889 1 1458
890 0 
891 0 
892 0 
893 0 
894 0 
895 0 
896 1 349
897 0 
898 0 
899 0 
900 0 
901 0 
902 1 894
903 0 
904 0 
905 1 882
906 0 
907 0 
908 0 
909 1 1005
910 0 
911 1 871
912 0 
913 0 
914 0 
915 0 
916 1 717
917 0 
918 0 
919 1 1363
920 1 1178
921 1 1675
922 0 
923 1 694
924 0 
925 0 
926 1 570
927 0 
928 0 
929 0 
930 0 
931 0 
932 0 
933 0 
934 1 1638
935 0 
936 1 949
937 1 857
938 0 
939 0 
940 0 
941 0 
942 1 1745
943 0 
944 0 
945 0 
946 0 
947 0 
948 0 
949 0 
950 0 
951 0 
952 0 
953 0 
954 1 1602
955 1 666
956 0 
957 0 
958 0 
959 0 
960 0 
961 1 1630
962 0 
963 1 253
964 1 914
965 0 
966 2 885 1460
967 0 
968 1 1742
969 1 1682
970 0 
971 1 1914
972 0 
973 0 
974 0 
975 0 
976 0 
977 0 
978 0 
979 0 
980 0 
981 0 
982 0 
983 0 
984 0 
985 0 
986 0 
987 0 
988 0 
989 0 
990 0 
991 0 
992 0 
993 1 844
994 0 
995 0 
996 0 
997 0 
998 0 
999 0 
1000 0 
1001 0 
1002 0 
1003 0 
1004 1 682
1005 0 
1006 0 
1007 0 
1008 0 
1009 0 
1010 0 
1011 0 
1012 0 
1013 0 
1014 1 883
1015 0 
1016 0 
1017 0 
1018 0 
1019 0 
1020 0 
1021 0 
1022 0 
1023 0 
1024 0 
1025 1 1676
1026 0 
1027 0 
1028 1 1470
1029 0 
1030 1 1372
1031 0 
1032 1 853
1033 0 
1034 0 
1035 0 
1036 0 
1037 3 1320 1726 1895
1038 0 
1039 0 
1040 0 
1041 1 1219
1042 0 
1043 0 
1044 0 
1045 1 1379
1046 0 
1047 0 
1048 0 
1049 0 
1050 1 865
1051 0 
1052 0 
1053 1 1648
1054 0 
1055 0 
1056 0 
1057 0 
1058 0 
1059 0 
1060 0 
1061 0 
1062 0 
1063 0 
1064 0 
1065 0 
1066 0 
1067 0 
1068 0 
1069 0 
1070 1 1670
1071 0 
1072 0 
1073 0 
1074 0 
1075 1 902
1076 0 
1077 1 1885
1078 0 
1079 0 
1080 0 
1081 0 
1082 0 
1083 1 1939
1084 1 778
1085 0 
1086 1 500
1087 0 
1088 0 
1089 0 
1090 1 699
1091 0 
1092 0 
1093 1 996
1094 1 914
1095 0 
1096 1 1568
1097 0 
1098 0 
1099 0 
1100 0 
1101 0 
1102 0 
1103 0 
1104 0 
1105 0 
1106 2 984 1950
1107 0 
1108 2 651 1413
1109 1 1915
1110 0 
1111 0 
1112 0 
1113 0 
1114 0 
1115 2 766 1882
1116 0 
1117 0 
1118 0 
1119 0 
1120 0 
1121 1 585
1122 0 
1123 0 
1124 0 
1125 0 
1126 0 
1127 0 
1128 1 1804
1129 0 
1130 0 
1131 0 
1132 0 
1133 1 1068
1134 1 859
1135 0 
1136 0 
1137 1 327
1138 1 1844
1139 1 213
1140 0 
1141 0 
1142 0 
1143 0 
1144 0 
1145 0 
1146 1 711
1147 0 
1148 0 
1149 0 
1150 0 
1151 0 
1152 0 
1153 0 
1154 1 264
1155 0 
1156 1 1630
1157 0 
1158 0 
1159 0 
1160 1 1398
1161 0 
1162 0 
1163 0 
1164 1 555
1165 0 
1166 0 
1167 1 1814
1168 0 
1169 1 1907
1170 0 
1171 0 
1172 0 
1173 0 
1174 0 
1175 0 
1176 1 1649
1177 1 1952
1178 1 1514
1179 0 
1180 0 
1181 0 
1182 1 1493
1183 0 
1184 0 
1185 0 
1186 0 
1187 0 
1188 0 
1189 0 
1190 0 
1191 0 
1192 0 
1193 0 
1194 0 
1195 0 
1196 0 
1197 0 
1198 1 1394
1199 0 
1200 0 
1201 0 
1202 0 
1203 0 
1204 0 
1205 0 
1206 0 
1207 0 
1208 1 1609
1209 0 
1210 0 
1211 0 
1212 1 1748
1213 1 1626
1214 1 1970
1215 0 
1216 0 
1217 0 
1218 0 
1219 0 
1220 0 
1221 0 
1222 0 
1223 1 1498
1224 1 1028
1225 0 
1226 0 
1227 0 
1228 0 
1229 0 
1230 1 1336
1231 0 
1232 1 1760
1233 0 
1234 0 
1235 0 
1236 0 
1237 0 
1238 0 
1239 1 1640
1240 1 1273
1241 0 
1242 0 
1243 0 
1244 0 
1245 1 583
1246 0 
1247 1 1895
1248 0 
1249 0 
1250 0 
1251 0 
1252 0 
1253 1 928
1254 1 637
1255 0 
1256 1 1262
1257 1 515
1258 0 
1259 0 
1260 0 
1261 0 
1262 0 
1263 0 
1264 0 
1265 0 
1266 0 
1267 0 
1268 0 
1269 0 
1270 0 
1271 0 
1272 1 690
1273 1 951
1274 0 
1275 1 1308
1276 0 
1277 0 
1278 0 
1279 0 
1280 1 1295
1281 0 
1282 2 1414 1950
1283 0 
1284 0 
1285 0 
1286 0 
1287 1 1497
1288 1 659
1289 1 773
1290 0 
1291 1 868
1292 0 
1293 0 
1294 0 
1295 0 
1296 0 
1297 0 
1298 1 136
1299 0 
1300 0 
1301 0 
1302 0 
1303 0 
1304 0 
1305 0 
1306 0 
1307 0 
1308 0 
1309 1 1372
1310 0 
1311 0 
1312 1 1010
1313 0 
1314 0 
1315 0 
1316 0 
1317 0 
1318 0 
1319 0 
1320 0 
1321 0 
1322 1 832
1323 0 
1324 0 
1325 0 
1326 0 
1327 0 
1328 0 
1329 0 
1330 0 
1331 0 
1332 0 
1333 0 
1334 0 
1335 0 
1336 0 
1337 1 743
1338 0 
1339 1 1313
1340 0 
1341 1 1890
1342 0 
1343 1 499
1344 1 1190
1345 0 
1346 0 
1347 0 
1348 0 
1349 0 
1350 0 
1351 0 
1352 0 
1353 1 1404
1354 0 
1355 0 
1356 0 
1357 1 444
1358 1 1933
1359 0 
1360 0 
1361 0 
1362 0 
1363 0 
1364 0 
1365 0 
1366 0 
1367 0 
1368 0 
1369 0 
1370 0 
1371 0 
1372 0 
1373 0 
1374 0 
1375 0 
1376 0 
1377 0 
1378 0 
1379 1 1763
1380 0 
1381 0 
1382 0 
1383 0 
1384 0 
1385 0 
1386 0 
1387 0 
1388 0 
1389 0 
1390 1 531
1391 0 
1392 0 
1393 0 
1394 0 
1395 1 899
1396 0 
1397 1 1378
1398 0 
1399 0 
1400 1 754
1401 1 921
1402 1 1680
1403 0 
1404 0 
1405 1 180
1406 0 
1407 1 873
1408 0 
1409 0 
1410 0 
1411 0 
1412 1 1582
1413 0 
1414 0 
1415 2 861 1673
1416 0 
1417 0 
1418 0 
1419 1 1284
1420 0 
1421 0 
1422 0 
1423 0 
1424 0 
1425 0 
1426 1 1073
1427 0 
1428 0 
1429 0 
1430 0 
1431 0 
1432 0 
1433 1 633
1434 0 
1435 0 
1436 0 
1437 0 
1438 1 1052
1439 0 
1440 0 
1441 0 
1442 0 
1443 0 
1444 1 513
1445 0 
1446 0 
1447 0 
1448 1 1225
1449 1 1500
1450 0 
1451 1 298
1452 0 
1453 1 490
1454 0 
1455 0 
1456 0 
1457 0 
1458 1 1761
1459 1 416
1460 0 
1461 0 
1462 0 
1463 0 
1464 0 
1465 1 1656
1466 0 
1467 0 
1468 1 1947
1469 0 
1470 0 
1471 0 
1472 0 
1473 0 
1474 0 
1475 1 1729
1476 0 
1477 1 1662
1478 0 
1479 0 
1480 1 829
1481 0 
1482 0 
1483 0 
1484 1 395
1485 0 
1486 0 
1487 1 821
1488 1 1296
1489 1 1536
1490 1 1045
1491 0 
1492 1 420
1493 2 908 1940
1494 0 
1495 0 
1496 0 
1497 0 
1498 0 
1499 0 
1500 0 
1501 0 
1502 0 
1503 0 
1504 0 
1505 1 591
1506 0 
1507 0 
1508 0 
1509 0 
1510 0 
1511 0 
1512 0 
1513 0 
1514 0 
1515 0 
1516 0 
1517 0 
1518 1 1933
1519 0 
1520 0 
1521 0 
1522 0 
1523 0 
1524 0 
1525 0 
1526 0 
1527 0 
1528 1 490
1529 1 806
1530 1 1061
1531 1 1013
1532 0 
1533 0 
1534 0 
1535 0 
1536 0 
1537 1 1555
1538 0 
1539 0 
1540 0 
1541 0 
1542 0 
1543 1 1165
1544 1 1404
1545 0 
1546 1 848
1547 0 
1548 0 
1549 0 
1550 0 
1551 1 530
1552 1 883
1553 0 
1554 0 
1555 0 
1556 0 
1557 1 1375
1558 1 1351
1559 1 640
1560 0 
1561 0 
1562 0 
1563 0 
1564 0 
1565 0 
1566 0 
1567 0 
1568 0 
1569 1 1797
1570 0 
1571 0 
1572 1 1413
1573 0 
1574 0 
1575 0 
1576 0 
1577 0 
1578 0 
1579 0 
1580 0 
1581 0 
1582 0 
1583 0 
1584 0 
1585 0 
1586 0 
1587 0 
1588 0 
1589 0 
1590 0 
1591 0 
1592 0 
1593 0 
1594 0 
1595 0 
1596 0 
1597 1 661
1598 0 
1599 0 
1600 0 
1601 0 
1602 0 
1603 0 
1604 1 832
1605 0 
1606 0 
1607 0 
1608 0 
1609 0 
1610 1 990
1611 2 535 1752
1612 0 
1613 0 
1614 2 445 1747
1615 0 
1616 0 
1617 0 
1618 0 
1619 1 1554
1620 0 
1621 0 
1622 0 
1623 0 
1624 0 
1625 1 978
1626 0 
1627 1 1993
1628 0 
1629 0 
1630 0 
1631 0 
1632 0 
1633 0 
1634 0 
1635 0 
1636 0 
1637 0 
1638 0 
1639 0 
1640 0 
1641 0 
1642 0 
1643 0 
1644 0 
1645 0 
1646 0 
1647 0 
1648 0 
1649 0 
1650 1 1809
1651 0 
1652 1 1125
1653 0 
1654 0 
1655 0 
1656 0 
1657 0 
1658 0 
1659 0 
1660 0 
1661 0 
1662 1 1395
1663 2 889 1461
1664 0 
1665 0 
1666 1 1882
1667 1 1078
1668 0 
1669 1 575
1670 1 207
1671 0 
1672 1 1862
1673 0 
1674 0 
1675 0 
1676 0 
1677 0 
1678 0 
1679 0 
1680 2 526 1902
1681 0 
1682 1 1818
1683 0 
1684 0 
1685 0 
1686 2 399 1451
1687 0 
1688 0 
1689 0 
1690 1 1649
1691 0 
1692 1 1281
1693 0 
1694 0 
1695 1 1631
1696 0 
1697 0 
1698 0 
1699 0 
1700 1 1432
1701 0 
1702 0 
1703 0 
1704 0 
1705 0 
1706 0 
1707 0 
1708 0 
1709 0 
1710 0 
1711 0 
1712 0 
1713 0 
1714 0 
1715 0 
1716 1 1811
1717 0 
1718 0 
1719 0 
1720 1 1900
1721 0 
1722 1 730
1723 0 
1724 0 
1725 0 
1726 0 
1727 1 928
1728 0 
1729 0 
1730 1 1123
1731 0 
1732 0 
1733 0 
1734 1 1436
1735 0 
1736 1 225
1737 0 
1738 0 
1739 0 
1740 0 
1741 0 
1742 0 
1743 1 927
1744 2 425 1153
1745 0 
1746 1 440
1747 0 
1748 0 
1749 0 
1750 0 
1751 1 1471
1752 0 
1753 0 
1754 0 
1755 0 
1756 0 
1757 1 834
1758 0 
1759 0 
1760 1 711
1761 0 
1762 0 
1763 0 
1764 0 
1765 0 
1766 0 
1767 0 
1768 0 
1769 0 
1770 0 
1771 0 
1772 0 
1773 0 
1774 0 
1775 0 
1776 2 860 1721
1777 0 
1778 0 
1779 0 
1780 0 
1781 0 
1782 0 
1783 0 
1784 2 1215 1578
1785 0 
1786 0 
1787 0 
1788 0 
1789 0 
1790 0 
1791 0 
1792 1 723
1793 0 
1794 0 
1795 0 
1796 1 342
1797 0 
1798 0 
1799 0 
1800 0 
1801 1 1475
1802 1 1890
1803 0 
1804 2 747 1445
1805 1 1961
1806 2 882 1567
1807 0 
1808 1 831
1809 0 
1810 0 
1811 1 1432
1812 1 547
1813 0 
1814 0 
1815 0 
1816 0 
1817 1 1683
1818 0 
1819 1 1886
1820 0 
1821 0 
1822 0 
1823 0 
1824 0 
1825 0 
1826 0 
1827 1 1241
1828 0 
1829 0 
1830 0 
1831 1 1605
1832 2 542 1366
1833 0 
1834 0 
1835 0 
1836 0 
1837 0 
1838 0 
1839 0 
1840 0 
1841 0 
1842 0 
1843 1 1883
1844 0 
1845 0 
1846 1 1965
1847 0 
1848 0 
1849 0 
1850 2 809 1393
1851 0 
1852 0 
1853 0 
1854 1 1315
1855 0 
1856 2 825 1168
1857 0 
1858 0 
1859 0 
1860 0 
1861 0 
1862 2 835 1044
1863 0 
1864 0 
1865 0 
1866 0 
1867 1 1851
1868 0 
1869 0 
1870 0 
1871 0 
1872 0 
1873 0 
1874 1 609
1875 1 1917
1876 2 875 1993
1877 0 
1878 1 798
1879 0 
1880 1 824
1881 0 
1882 1 1430
1883 0 
1884 0 
1885 0 
1886 0 
1887 1 913
1888 0 
1889 0 
1890 0 
1891 0 
1892 1 1219
1893 0 
1894 0 
1895 1 1364
1896 0 
1897 0 
1898 0 
1899 1 700
1900 0 
1901 0 
1902 1 846
1903 0 
1904 0 
1905 0 
1906 0 
1907 1 934
1908 0 
1909 2 1141 1759
1910 1 1568
1911 0 
1912 0 
1913 0 
1914 0 
1915 0 
1916 0 
1917 1 1412
1918 1 1010
1919 0 
1920 0 
1921 0 
1922 0 
1923 0 
1924 0 
1925 0 
1926 0 
1927 1 1749
1928 0 
1929 1 326
1930 0 
1931 0 
1932 0 
1933 0 
1934 0 
1935 0 
1936 0 
1937 2 319 1901
1938 0 
1939 0 
1940 0 
1941 0 
1942 1 1964
1943 0 
1944 0 
1945 0 
1946 0 
1947 0 
1948 0 
1949 0 
1950 0 
1951 0 
1952 0 
1953 0 
1954 0 
1955 0 
1956 0 
1957 0 
1958 0 
1959 1 589
1960 0 
1961 0 
1962 0 
1963 0 
1964 0 
1965 0 
1966 1 1037
1967 0 
1968 0 
1969 1 638
1970 0 
1971 0 
1972 0 
1973 0 
1974 0 
1975 0 
1976 0 
1977 0 
1978 1 913
1979 0 
1980 1 1350
1981 0 
1982 1 728
1983 2 885 1974
1984 1 1876
1985 0 
1986 0 
1987 0 
1988 0 
1989 0 
1990 0 
1991 1 384
1992 0 
1993 0 
1994 0 
1995 1 915
1996 1 582
1997 0 
1998 0 
1999 0 
2000 0 
2001 0 
2002 0 
2003 0 
2004 1 1051
2005 0 
2006 1 1279
2007 0 
2008 2 749 1927
2009 0 
2010 0 
2011 1 668
2012 0 
2013 0 
2014 0 
2015 0 
2016 0 
2017 0 
2018 0 
2019 0 
2020 0 
2021 0 
2022 0 
2023 0 
2024 0 
2025 0 
2026 0 
2027 0 
2028 0 
2029 0 
2030 0 
2031 0 
2032 0 
2033 0 
2034 0 
2035 0 
2036 0 
2037 1 1709
2038 0 
2039 1 1819
2040 2 732 1784
2041 0 
2042 3 615 1362 1703
2043 0 
2044 0 
2045 0 
2046 0 
2047 0 
2048 0 
2049 0 
2050 0 
2051 0 
2052 0 
2053 0 
2054 1 1081
2055 0 
2056 0 
2057 0 
2058 0 
2059 0 
2060 0 
2061 0 
2062 2 829 1450
2063 0 
2064 0 
2065 1 765
2066 0 
2067 0 
2068 0 
2069 0 
2070 0 
2071 0 
2072 0 
2073 0 
2074 0 
2075 0 
2076 0 
2077 0 
2078 0 
2079 0 
2080 0 
2081 0 
2082 0 
2083 1 869
2084 1 1197
2085 0 
2086 0 
2087 0 
2088 0 
2089 0 
2090 0 
2091 0 
2092 0 
2093 0 
2094 0 
2095 0 
2096 1 486
2097 0 
2098 0 
2099 1 1973
2100 2 884 1979
2101 0 
2102 1 1275
2103 2 207 1466
2104 0 
2105 0 
2106 0 
2107 0 
2108 1 1894
2109 0 
2110 0 
2111 0 
2112 1 1033
2113 0 
2114 0 
2115 1 1057
2116 1 1875
2117 0 
2118 0 
2119 0 
2120 0 
2121 1 254
2122 0 
2123 0 
2124 0 
2125 0 
2126 0 
2127 0 
2128 0 
2129 0 
2130 0 
2131 0 
2132 1 1554
2133 0 
2134 0 
2135 0 
2136 0 
2137 0 
2138 0 
2139 0 
2140 1 753
2141 0 
2142 0 
2143 1 1002
2144 0 
2145 0 
2146 0 
2147 0 
2148 1 747
2149 0 
2150 0 
2151 0 
2152 0 
2153 0 
2154 0 
2155 0 
2156 0 
2157 0 
2158 1 1233
2159 0 
2160 0 
2161 0 
2162 0 
2163 1 895
2164 0 
2165 1 1517
2166 0 
2167 1 235
2168 0 
2169 0 
2170 1 1420
2171 1 1781
2172 0 
2173 0 
2174 1 1347
2175 0 
2176 0 
2177 0 
2178 0 
2179 2 129 1922
2180 0 
2181 0 
2182 0 
2183 1 1312
2184 0 
2185 0 
2186 0 
2187 0 
2188 1 398
2189 0 
2190 0 
2191 0 
2192 0 
2193 0 
2194 0 
2195 0 
2196 1 1767
2197 0 
2198 0 
2199 1 1442
2200 0 
2201 0 
2202 1 1058
2203 0 
2204 1 1285
2205 0 
2206 0 
2207 1 1600
2208 0 
2209 0 
2210 1 1994
2211 0 
2212 0 
2213 0 
2214 0 
2215 1 618
2216 0 
2217 0 
2218 0 
2219 0 
2220 0 
2221 1 1027
2222 0 
2223 0 
2224 0 
2225 0 
2226 0 
2227 1 1088
2228 0 
2229 0 
2230 1 1870
2231 0 
2232 1 903
2233 1 1389
2234 2 740 1839
2235 0 
2236 0 
2237 1 723
2238 0 
2239 0 
2240 2 871 1958
2241 0 
2242 0 
2243 0 
2244 0 
2245 0 
2246 0 
2247 0 
2248 0 
2249 0 
2250 0 
2251 0 
2252 0 
2253 1 1917
2254 0 
2255 1 561
2256 1 808
2257 0 
2258 0 
2259 0 
2260 0 
2261 0 
2262 0 
2263 0 
2264 0 
2265 0 
2266 0 
2267 0 
2268 1 1367
2269 0 
2270 0 
2271 0 
2272 1 561
2273 0 
2274 1 795
2275 0 
2276 0 
2277 1 1833
2278 0 
2279 0 
2280 1 1203
2281 0 
2282 0 
2283 1 1816
2284 0 
2285 0 
2286 1 1074
2287 0 
2288 0 
2289 0 
2290 0 
2291 0 
2292 0 
2293 0 
2294 0 
2295 0 
2296 2 487 943
2297 0 
2298 0 
2299 0 
2300 0 
2301 1 993
2302 0 
2303 0 
2304 0 
2305 0 
2306 0 
2307 0 
2308 1 1332
2309 0 
2310 0 
2311 1 44
2312 1 970
2313 0 
2314 0 
2315 0 
2316 0 
2317 0 
2318 0 
2319 2 598 1679
2320 0 
2321 1 1391
2322 0 
2323 0 
2324 0 
2325 0 
2326 0 
2327 0 
2328 0 
2329 0 
2330 0 
2331 1 1845
2332 0 
2333 0 
2334 0 
2335 0 
2336 0 
2337 0 
2338 0 
2339 0 
2340 0 
2341 0 
2342 1 519
2343 0 
2344 0 
2345 0 
2346 0 
2347 0 
2348 0 
2349 0 
2350 0 
2351 0 
2352 0 
2353 0 
2354 0 
2355 0 
2356 1 461
2357 1 1187
2358 0 
2359 0 
2360 0 
2361 1 642
2362 1 340
2363 0 
2364 0 
2365 1 1605
2366 0 
2367 0 
2368 1 1642
2369 1 1881
2370 0 
2371 0 
2372 1 529
2373 0 
2374 0 
2375 0 
2376 0 
2377 0 
2378 1 1656
2379 1 1545
2380 1 1913
2381 0 
2382 0 
2383 1 1047
2384 0 
2385 0 
2386 1 772
2387 1 683
2388 0 
2389 0 
2390 0 
2391 1 1877
2392 0 
2393 0 
2394 0 
2395 0 
2396 0 
2397 1 1036
2398 0 
2399 0 
2400 0 
2401 0 
2402 1 1167
2403 1 1119
2404 0 
2405 0 
2406 0 
2407 0 
2408 0 
2409 0 
2410 0 
2411 0 
2412 0 
2413 0 
2414 0 
2415 0 
2416 0 
2417 0 
2418 0 
2419 0 
2420 0 
2421 0 
2422 1 1944
2423 1 406
2424 0 
2425 0 
2426 1 606
2427 0 
2428 1 527
2429 0 
2430 1 868
2431 0 
2432 1 802
2433 0 
2434 0 
2435 0 
2436 1 1746
2437 1 1596
2438 1 367
2439 0 
2440 1 1746
2441 0 
2442 0 
2443 0 
2444 0 
2445 0 
2446 0 
2447 0 
2448 0 
2449 0 
2450 1 1918
2451 1 1424
2452 0 
2453 0 
2454 1 760
2455 0 
2456 0 
2457 1 1796
2458 0 
2459 0 
2460 0 
2461 0 
2462 0 
2463 1 997
2464 1 1849
2465 0 
2466 0 
2467 0 
2468 1 1862
2469 0 
2470 0 
2471 0 
2472 0 
2473 0 
2474 0 
2475 0 
2476 0 
2477 0 
2478 0 
2479 0 
2480 0 
2481 0 
2482 0 
2483 0 
2484 0 
2485 0 
2486 1 978
2487 0 
2488 0 
2489 0 
2490 0 
2491 1 1432
2492 0 
2493 1 496
2494 1 912
2495 1 566
2496 0 
2497 0 
2498 0 
2499 1 1293
2500 0 
2501 0 
2502 0 
2503 0 
2504 0 
2505 0 
2506 0 
2507 0 
2508 0 
2509 1 605
2510 0 
2511 0 
2512 0 
2513 0 
2514 0 
2515 1 1448
2516 1 551
2517 0 
2518 1 1572
2519 0 
2520 1 801
2521 0 
2522 0 
2523 1 902
2524 0 
2525 0 
2526 0 
2527 1 880
2528 0 
2529 0 
2530 0 
2531 2 488 1407
2532 0 
2533 0 
2534 0 
2535 1 1453
2536 0 
2537 0 
2538 0 
2539 0 
2540 1 1705
2541 0 
2542 1 905
2543 0 
2544 0 
2545 0 
2546 0 
2547 0 
2548 0 
2549 0 
2550 0 
2551 0 
2552 1 1604
2553 1 1762
2554 0 
2555 2 875 1339
2556 1 721
2557 0 
2558 0 
2559 1 1866
2560 0 
2561 0 
2562 0 
2563 0 
2564 0 
2565 0 
2566 0 
2567 1 875
2568 0 
2569 0 
2570 0 
2571 0 
2572 1 859
2573 0 
2574 0 
2575 1 898
2576 0 
2577 0 
2578 0 
2579 1 1276
2580 0 
2581 0 
2582 0 
2583 0 
2584 0 
2585 0 
2586 1 1822
2587 0 
2588 0 
2589 0 
2590 0 
2591 0 
2592 0 
2593 0 
2594 0 
2595 0 
2596 1 1790
2597 0 
2598 0 
2599 0 
2600 0 
2601 0 
2602 0 
2603 0 
2604 0 
2605 1 1491
2606 0 
2607 1 1018
2608 1 290
2609 0 
2610 0 
2611 0 
2612 1 1729
2613 0 
2614 0 
2615 0 
2616 0 
2617 0 
2618 0 
2619 0 
2620 0 
2621 0 
2622 0 
2623 0 
2624 0 
2625 0 
2626 1 608
2627 0 
2628 0 
2629 0 
2630 0 
2631 0 
2632 0 
2633 0 
2634 0 
2635 1 840
2636 0 
2637 1 1426
2638 0 
2639 0 
2640 0 
2641 0 
2642 0 
2643 0 
2644 0 
2645 0 
2646 0 
2647 0 
2648 0 
2649 0 
2650 0 
2651 0 
2652 0 
2653 0 
2654 0 
2655 1 1474
2656 0 
2657 0 
2658 0 
2659 0 
2660 0 
2661 0 
2662 0 
2663 0 
2664 0 
2665 0 
2666 0 
2667 1 1862
2668 1 979
2669 0 
2670 0 
2671 0 
2672 0 
2673 0 
2674 1 875
2675 0 
2676 0 
2677 0 
2678 0 
2679 0 
2680 0 
2681 1 1770
2682 2 748 1513
2683 0 
2684 0 
2685 1 864
2686 1 1113
2687 0 
2688 1 1678
2689 0 
2690 0 
2691 0 
2692 1 1946
2693 0 
2694 1 1478
2695 0 
2696 0 
2697 0 
2698 0 
2699 0 
2700 0 
2701 0 
2702 0 
2703 1 1707
2704 0 
2705 1 1787
2706 0 
2707 0 
2708 0 
2709 0 
2710 0 
2711 0 
2712 1 650
2713 2 1199 1894
2714 0 
2715 0 
2716 1 1039
2717 0 
2718 1 796
2719 1 896
2720 0 
2721 0 
2722 0 
2723 0 
2724 1 1732
2725 1 1354
2726 0 
2727 0 
2728 0 
2729 1 416
2730 1 1688
2731 0 
2732 0 
2733 0 
2734 0 
2735 0 
2736 1 494
2737 0 
2738 0 
2739 0 
2740 0 
2741 0 
2742 1 820
2743 0 
2744 0 
2745 2 445 1456
2746 0 
2747 0 
2748 1 1789
2749 0 
2750 0 
2751 0 
2752 0 
2753 1 1560
2754 0 
2755 0 
2756 0 
2757 0 
2758 0 
2759 0 
2760 0 
2761 0 
2762 0 
2763 0 
2764 0 
2765 0 
2766 0 
2767 0 
2768 1 660
2769 0 
2770 0 
2771 2 1084 1551
2772 0 
2773 1 399
2774 1 547
2775 0 
2776 1 539
2777 0 
2778 1 1376
2779 0 
2780 0 
2781 0 
2782 0 
2783 0 
2784 0 
2785 0 
2786 1 748
2787 0 
2788 0 
2789 0 
2790 0 
2791 0 
2792 1 439
2793 0 
2794 0 
2795 0 
2796 0 
2797 0 
2798 1 1910
2799 1 1881
2800 0 
2801 0 
2802 0 
2803 0 
2804 0 
2805 0 
2806 0 
2807 0 
2808 0 
2809 0 
2810 0 
2811 0 
2812 0 
2813 0 
2814 1 395
2815 1 946
2816 0 
2817 0 
2818 1 1330
2819 1 867
2820 0 
2821 0 
2822 0 
2823 0 
2824 0 
2825 0 
2826 0 
2827 1 1023
2828 0 
2829 1 1761
2830 1 875
2831 1 1358
2832 0 
2833 0 
2834 0 
2835 1 1477
2836 0 
2837 0 
2838 0 
2839 1 798
2840 0 
2841 0 
2842 1 1687
2843 0 
2844 0 
2845 0 
2846 0 
2847 0 
2848 0 
2849 0 
2850 0 
2851 1 282
2852 0 
2853 0 
2854 0 
2855 0 
2856 1 452
2857 0 
2858 0 
2859 0 
2860 0 
2861 0 
2862 0 
2863 1 395
2864 0 
2865 0 
2866 0 
2867 0 
2868 0 
2869 0 
2870 1 255
2871 0 
2872 0 
2873 0 
2874 1 1677
2875 0 
2876 0 
2877 0 
2878 0 
2879 1 1035
2880 1 1836
2881 0 
2882 0 
2883 0 
2884 0 
2885 0 
2886 0 
2887 0 
2888 0 
2889 0 
2890 1 725
2891 1 1191
2892 0 
2893 0 
2894 0 
2895 0 
2896 0 
2897 0 
2898 0 
2899 0 
2900 0 
2901 1 455
2902 0 
2903 0 
2904 0 
2905 0 
2906 0 
2907 0 
2908 0 
2909 0 
2910 0 
2911 0 
2912 0 
2913 0 
2914 0 
2915 0 
2916 0 
2917 0 
2918 0 
2919 1 347
2920 1 1953
2921 0 
2922 0 
2923 0 
2924 1 1036
2925 1 1290
2926 0 
2927 0 
2928 0 
2929 0 
2930 0 
2931 0 
2932 0 
2933 0 
2934 0 
2935 0 
2936 0 
2937 0 
2938 1 794
2939 0 
2940 0 
2941 1 1123
2942 0 
2943 0 
2944 1 1739
2945 0 
2946 0 
2947 0 
2948 0 
2949 0 
2950 0 
2951 0 
2952 0 
2953 0 
2954 0 
2955 0 
2956 0 
2957 0 
2958 0 
2959 1 866
2960 0 
2961 0 
2962 1 490
2963 0 
2964 0 
2965 0 
2966 1 1670
2967 0 
2968 0 
2969 0 
2970 1 762
2971 1 1887
2972 0 
2973 0 
2974 0 
2975 0 
2976 0 
2977 1 832
2978 0 
2979 1 1016
2980 0 
2981 1 1968
2982 0 
2983 0 
2984 0 
2985 1 133
2986 0 
2987 0 
2988 0 
2989 0 
2990 0 
2991 0 
2992 0 
2993 0 
2994 0 
2995 0 
2996 1 1590
2997 0 
2998 0 
2999 0 
3000 0 
3001 0 
3002 0 
3003 0 
3004 0 
3005 0 
3006 1 654
3007 1 891
3008 0 
3009 0 
3010 0 
3011 0 
3012 0 
3013 0 
3014 0 
3015 0 
3016 0 
3017 0 
3018 0 
3019 0 
3020 0 
3021 0 
3022 1 1101
3023 0 
3024 0 
3025 0 
3026 1 1525
3027 0 
3028 0 
3029 1 482
3030 0 
3031 0 
3032 0 
3033 1 1828
3034 1 1912
3035 0 
3036 0 
3037 0 
3038 0 
3039 0 
3040 0 
3041 0 
3042 0 
3043 1 626
3044 0 
3045 0 
3046 0 
3047 0 
3048 0 
3049 0 
3050 0 
3051 0 
3052 0 
3053 0 
3054 0 
3055 0 
3056 1 940
3057 0 
3058 0 
3059 0 
3060 0 
3061 0 
3062 0 
3063 0 
3064 0 
3065 0 
3066 0 
3067 0 
3068 1 1419
3069 1 705
3070 0 
3071 0 
3072 0 
3073 1 1136
3074 0 
3075 0 
3076 0 
3077 0 
3078 0 
3079 0 
3080 0 
3081 0 
3082 0 
3083 0 
3084 0 
3085 0 
3086 0 
3087 0 
3088 0 
3089 0 
3090 0 
3091 0 
3092 0 
3093 0 
3094 0 
3095 0 
3096 0 
3097 0 
3098 0 
3099 1 192
3100 1 807
3101 0 
3102 0 
3103 0 
3104 0 
3105 0 
3106 0 
3107 0 
3108 0 
3109 0 
3110 0 
3111 1 1019
3112 0 
3113 0 
3114 2 596 1296
3115 0 
3116 0 
3117 0 
3118 0 
3119 0 
3120 0 
3121 1 514
3122 0 
3123 1 760
3124 0 
3125 1 1769
3126 0 
3127 1 1499
3128 1 1322
3129 0 
3130 1 1437
3131 0 
3132 0 
3133 0 
3134 1 973
3135 0 
3136 0 
3137 0 
3138 0 
3139 0 
3140 0 
3141 1 1134
3142 0 
3143 0 
3144 0 
3145 0 
3146 0 
3147 0 
3148 0 
3149 1 351
3150 0 
3151 0 
3152 0 
3153 0 
3154 0 
3155 0 
3156 0 
3157 0 
3158 0 
3159 0 
3160 0 
3161 1 626
3162 0 
3163 0 
3164 0 
3165 1 766
3166 0 
3167 0 
3168 0 
3169 0 
3170 0 
3171 1 1339
3172 0 
3173 0 
3174 0 
3175 0 
3176 0 
3177 0 
3178 0 
3179 1 1329
3180 1 918
3181 0 
3182 2 447 1513
3183 1 649
3184 0 
3185 0 
3186 0 
3187 1 1307
3188 0 
3189 0 
3190 0 
3191 0 
3192 0 
3193 0 
3194 0 
3195 0 
3196 2 811 1824
3197 1 1388
3198 0 
3199 0 
3200 0 
3201 0 
3202 0 
3203 0 
3204 0 
3205 0 
3206 1 1424
3207 1 893
3208 0 
3209 0 
3210 0 
3211 0 
3212 0 
3213 0 
3214 0 
3215 0 
3216 1 858
3217 0 
3218 0 
3219 0 
3220 0 
3221 0 
3222 0 
3223 0 
3224 1 1119
3225 0 
3226 1 819
3227 0 
3228 0 
3229 0 
3230 0 
3231 0 
3232 1 1088
3233 0 
3234 1 1675
3235 1 1850
3236 0 
3237 0 
3238 0 
3239 0 
3240 0 
3241 1 782
3242 2 368 1406
3243 0 
3244 0 
3245 2 66 1659
3246 0 
3247 0 
3248 0 
3249 0 
3250 0 
3251 0 
3252 1 1264
3253 0 
3254 0 
3255 0 
3256 0 
3257 0 
3258 2 460 1193
3259 1 1333
3260 0 
3261 1 1265
3262 0 
3263 0 
3264 0 
3265 0 
3266 0 
3267 0 
3268 0 
3269 0 
3270 0 
3271 0 
3272 0 
3273 0 
3274 0 
3275 1 299
3276 1 1873
3277 0 
3278 0 
3279 1 615
3280 0 
3281 0 
3282 0 
3283 0 
3284 1 1412
3285 1 832
3286 1 515
3287 0 
3288 2 765 1858
3289 0 
3290 0 
3291 1 822
3292 1 870
3293 0 
3294 1 1186
3295 0 
3296 1 1614
3297 0 
3298 0 
3299 0 
3300 0 
3301 0 
3302 1 1243
3303 1 1716
3304 0 
3305 0 
3306 0 
3307 0 
3308 2 554 1935
3309 0 
3310 1 1882
3311 0 
3312 1 1956
3313 0 
3314 0 
3315 0 
3316 0 
3317 0 
3318 0 
3319 0 
3320 1 1402
3321 1 625
3322 0 
3323 0 
3324 0 
3325 1 1676
3326 1 1044
3327 0 
3328 0 
3329 0 
3330 0 
3331 0 
3332 0 
3333 0 
3334 0 
3335 1 543
3336 0 
3337 1 739
3338 0 
3339 1 459
3340 0 
3341 0 
3342 0 
3343 0 
3344 0 
3345 0 
3346 0 
3347 0 
3348 0 
3349 1 1466
3350 1 432
3351 0 
3352 0 
3353 0 
3354 1 1431
3355 0 
3356 1 1275
3357 0 
3358 0 
3359 0 
3360 0 
3361 0 
3362 1 1946
3363 0 
3364 0 
3365 1 824
3366 1 860
3367 0 
3368 0 
3369 0 
3370 1 706
3371 0 
3372 1 1024
3373 0 
3374 0 
3375 0 
3376 0 
3377 0 
3378 1 827
3379 1 1457
3380 0 
3381 1 1279
3382 0 
3383 1 1634
3384 0 
3385 0 
3386 0 
3387 0 
3388 1 273
3389 0 
3390 1 1709
3391 1 1251
3392 0 
3393 0 
3394 0 
3395 0 
3396 0 
3397 0 
3398 0 
3399 0 
3400 0 
3401 0 
3402 0 
3403 0 
3404 0 
3405 0 
3406 0 
3407 1 1766
3408 0 
3409 0 
3410 0 
3411 0 
3412 2 854 1871
3413 1 917
3414 0 
3415 0 
3416 0 
3417 0 
3418 0 
3419 0 
3420 0 
3421 1 1915
3422 0 
3423 0 
3424 0 
3425 0 
3426 0 
3427 0 
3428 0 
3429 1 1987
3430 1 664
3431 0 
3432 0 
3433 0 
3434 0 
3435 0 
3436 0 
3437 0 
3438 0 
3439 0 
3440 0 
3441 0 
3442 0 
3443 0 
3444 1 243
3445 0 
3446 1 1954
3447 1 534
3448 1 854
3449 0 
3450 0 
3451 0 
3452 0 
3453 1 780
3454 0 
3455 0 
3456 1 804
3457 1 428
3458 1 1960
3459 0 
3460 0 
3461 0 
3462 0 
3463 0 
3464 0 
3465 0 
3466 0 
3467 0 
3468 0 
3469 0 
3470 0 
3471 0 
3472 0 
3473 1 1690
3474 1 1121
3475 0 
3476 0 
3477 0 
3478 0 
3479 0 
3480 0 
3481 1 65
3482 0 
3483 0 
3484 0 
3485 0 
3486 0 
3487 0 
3488 0 
3489 0 
3490 0 
3491 0 
3492 0 
3493 0 
3494 1 466
3495 2 141 808
3496 1 773
3497 0 
3498 0 
3499 0 
3500 1 1427
3501 0 
3502 0 
3503 0 
3504 0 
3505 0 
3506 0 
3507 0 
3508 1 1696
3509 0 
3510 1 1041
3511 1 1268
3512 0 
3513 0 
3514 0 
3515 0 
3516 1 822
3517 1 447
3518 0 
3519 1 808
3520 0 
3521 0 
3522 0 
3523 0 
3524 0 
3525 1 1583
3526 0 
3527 1 862
3528 0 
3529 0 
3530 0 
3531 0 
3532 1 1186
3533 0 
3534 1 484
3535 0 
3536 0 
3537 0 
3538 0 
3539 1 1887
3540 1 789
3541 1 856
3542 0 
3543 1 1234
3544 0 
3545 0 
3546 1 705
3547 0 
3548 1 1410
3549 0 
3550 1 807
3551 0 
3552 0 
3553 1 563
3554 0 
3555 0 
3556 0 
3557 0 
3558 1 1873
3559 1 281
3560 0 
3561 1 814
3562 0 
3563 0 
3564 0 
3565 0 
3566 0 
3567 0 
3568 0 
3569 0 
3570 1 1734
3571 1 423
3572 0 
3573 0 
3574 0 
3575 0 
3576 1 1678
3577 0 
3578 0 
3579 0 
3580 0 
3581 1 1723
3582 1 1812
3583 0 
3584 0 
3585 0 
3586 0 
3587 0 
3588 1 1251
3589 2 1335 1916
3590 0 
3591 0 
3592 0 
3593 0 
3594 0 
3595 1 1858
3596 1 435
3597 1 1435
3598 1 1233
3599 1 878
3600 0 
3601 0 
3602 3 537 1483 1924
3603 0 
3604 1 622
3605 0 
3606 0 
3607 0 
3608 0 
3609 1 1979
3610 0 
3611 0 
3612 0 
3613 0 
3614 1 1296
3615 0 
3616 2 780 1495
3617 1 1211
3618 0 
3619 0 
3620 1 1023
3621 0 
3622 0 
3623 0 
3624 1 1826
3625 0 
3626 0 
3627 1 1846
3628 0 
3629 0 
3630 0 
3631 1 1372
3632 0 
3633 0 
3634 0 
3635 0 
3636 0 
3637 0 
3638 0 
3639 0 
3640 0 
3641 1 1266
3642 1 146
3643 0 
3644 0 
3645 0 
3646 0 
3647 0 
3648 0 
3649 0 
3650 0 
3651 0 
3652 0 
3653 0 
3654 0 
3655 0 
3656 0 
3657 0 
3658 0 
3659 0 
3660 0 
3661 0 
3662 0 
3663 0 
3664 0 
3665 0 
3666 0 
3667 0 
3668 0 
3669 0 
3670 0 
3671 0 
3672 0 
3673 0 
3674 0 
3675 0 
3676 0 
3677 0 
3678 0 
3679 2 1466 1771
3680 0 
3681 0 
3682 1 998
3683 1 397
3684 0 
3685 0 
3686 1 1538
3687 0 
3688 1 965
3689 0 
3690 0 
3691 0 
3692 1 1403
3693 1 644
3694 0 
3695 1 791
3696 0 
3697 0 
3698 0 
3699 1 1548
3700 1 1190
3701 1 682
3702 0 
3703 0 
3704 1 50
3705 1 1481
3706 0 
3707 0 
3708 0 
3709 0 
3710 0 
3711 0 
3712 1 614
3713 1 456
3714 0 
3715 1 633
3716 0 
3717 0 
3718 0 
3719 0 
3720 0 
3721 0 
3722 1 935
3723 0 
3724 0 
3725 0 
3726 0 
3727 0 
3728 0 
3729 0 
3730 0 
3731 0 
3732 0 
3733 0 
3734 1 1434
3735 1 428
3736 0 
3737 0 
3738 0 
3739 1 1898
3740 0 
3741 0 
3742 0 
3743 1 632
3744 0 
3745 1 1862
3746 0 
3747 0 
3748 0 
3749 1 1441
3750 0 
3751 0 
3752 0 
3753 1 910
3754 0 
3755 0 
3756 0 
3757 0 
3758 0 
3759 0 
3760 0 
3761 0 
3762 0 
3763 2 749 1476
3764 1 1089
3765 0 
3766 0 
3767 0 
3768 0 
3769 1 287
3770 2 756 1689
3771 0 
3772 0 
3773 0 
3774 2 1505 1965
3775 0 
3776 0 
3777 0 
3778 1 184
3779 1 1500
3780 0 
3781 1 1172
3782 0 
3783 0 
3784 0 
3785 0 
3786 0 
3787 1 557
3788 0 
3789 1 1978
3790 0 
3791 0 
3792 1 661
3793 0 
3794 0 
3795 0 
3796 0 
3797 1 1327
3798 1 317
3799 0 
3800 1 642
3801 0 
3802 0 
3803 1 843
3804 0 
3805 0 
3806 1 444
3807 0 
3808 1 583
3809 0 
3810 0 
3811 0 
3812 0 
3813 0 
3814 0 
3815 1 1432
3816 0 
3817 0 
3818 0 
3819 0 
3820 0 
3821 0 
3822 0 
3823 0 
3824 0 
3825 0 
3826 1 1340
3827 0 
3828 0 
3829 0 
3830 0 
3831 0 
3832 1 404
3833 1 1447
3834 0 
3835 0 
3836 0 
3837 1 927
3838 0 
3839 0 
3840 2 784 1954
3841 0 
3842 0 
3843 0 
3844 0 
3845 0 
3846 0 
3847 0 
3848 0 
3849 0 
3850 0 
3851 0 
3852 0 
3853 1 892
3854 1 1009
3855 0 
3856 0 
3857 0 
3858 1 942
3859 0 
3860 1 613
3861 1 644
3862 1 1004
3863 0 
3864 0 
3865 0 
3866 0 
3867 0 
3868 1 619
3869 1 1411
3870 0 
3871 0 
3872 1 1436
3873 1 1211
3874 0 
3875 0 
3876 0 
3877 0 
3878 1 1464
3879 0 
3880 0 
3881 1 639
3882 0 
3883 0 
3884 0 
3885 1 572
3886 1 1237
3887 0 
3888 0 
3889 0 
3890 1 733
3891 0 
3892 1 1777
3893 0 
3894 1 1010
3895 1 853
3896 0 
3897 0 
3898 1 1767
3899 0 
3900 0 
3901 1 1506
3902 1 1805
3903 0 
3904 0 
3905 0 
3906 0 
3907 0 
3908 0 
3909 0 
3910 0 
3911 0 
3912 0 
3913 0 
3914 0 
3915 0 
3916 0 
3917 0 
3918 0 
3919 0 
3920 1 1616
3921 0 
3922 1 1608
3923 0 
3924 0 
3925 0 
3926 0 
3927 1 896
3928 0 
3929 0 
3930 0 
3931 1 844
3932 0 
3933 0 
3934 2 363 1447
3935 0 
3936 0 
3937 1 1444
3938 0 
3939 0 
3940 0 
3941 1 667
3942 1 510
3943 1 1091
3944 1 1483
3945 0 
3946 0 
3947 1 974
3948 0 
3949 1 844
3950 0 
3951 0 
3952 0 
3953 0 
3954 0 
3955 0 
3956 0 
3957 0 
3958 0 
3959 0 
3960 0 
3961 0 
3962 0 
3963 0 
3964 0 
3965 0 
3966 0 
3967 1 1912
3968 0 
3969 2 675 1959
3970 0 
3971 1 405
3972 1 820
3973 0 
3974 0 
3975 0 
3976 1 1297
3977 2 551 1324
3978 0 
3979 0 
3980 0 
3981 0 
3982 0 
3983 0 
3984 0 
3985 0 
3986 0 
3987 0 
3988 0 
3989 0 
3990 0 
3991 0 
3992 1 1139
3993 0 
3994 0 
3995 0 
3996 0 
3997 0 
3998 0 
3999 1 1093
4000 1 719
4001 1 1917
4002 1 1017
4003 1 1788
4004 0 
4005 0 
4006 0 
4007 1 1983
4008 1 1267
4009 1 1263
4010 0 
4011 1 1386
4012 0 
4013 0 
4014 0 
4015 2 437 878
4016 2 661 1368
4017 0 
4018 0 
4019 0 
4020 0 
4021 0 
4022 0 
4023 1 594
4024 0 
4025 0 
4026 1 895
4027 0 
4028 0 
4029 0 
4030 0 
4031 1 1794
4032 0 
4033 0 
4034 0 
4035 0 
4036 0 
4037 1 792
4038 0 
4039 0 
4040 1 894
4041 0 
4042 1 1365
4043 0 
4044 1 513
4045 0 
4046 0 
4047 0 
4048 1 1008
4049 1 606
4050 0 
4051 0 
4052 1 1350
4053 1 1649
4054 0 
4055 0 
4056 1 533
4057 0 
4058 1 1418
4059 0 
4060 1 1910
4061 0 
4062 0 
4063 0 
4064 0 
4065 1 352
4066 0 
4067 0 
4068 1 304
4069 0 
4070 0 
4071 0 
4072 2 557 1920
4073 0 
4074 0 
4075 0 
4076 0 
4077 0 
4078 1 1814
4079 1 1303
4080 1 470
4081 0 
4082 1 628
4083 0 
4084 1 911
4085 1 1574
4086 1 643
4087 1 1614
4088 1 1816
4089 0 
4090 0 
4091 0 
4092 0 
4093 0 
4094 0 
